28 4194624
a2 4194632
43 4194640
43 4194648
43 4194656
55 4194664
42 4194672
42 4194680
34 4194688
43 4194696
42 4194704
42 4194712
42 4194720
02 4194728
34 4194736
42 4194744
42 4194752
42 4194760
02 4194768
42 4194776
02 4194784
00 4194792
43 4194800
a0 4194808
00 4194816
03 4194824
00 4194832
43 4194840
a0 4194848
00 4194856
03 4194864
00 4194872
43 4194880
a0 4194888
00 4194896
03 4194904
00 4194912
43 4194920
a0 4194928
00 4194936
03 4194944
00 4194952
43 4194960
a0 4194968
00 4194976
03 4194984
00 4194992
43 4195000
a0 4195008
00 4195016
03 4195024
00 4195032
43 4195040
a0 4195048
00 4195056
03 4195064
00 4195072
43 4195080
a0 4195088
00 4195096
03 4195104
00 4195112
43 4195120
34 4195128
34 4195136
42 4195144
02 4195152
02 4195160
34 4195168
28 4195176
43 4195184
06 4195192
43 4195200
34 4195208
43 4195216
02 4195224
34 4195232
43 4195240
02 4195248
34 4195256
43 4195264
02 4195272
34 4195280
34 4195288
28 4195296
5c 4195304
06 4195312
01 4195320
28 4195328
42 4195336
55 4195344
43 4195352
42 4195360
28 4195368
34 4195376
28 4195384
42 4195392
55 4195400
43 4195408
42 4195416
28 4195424
43 4195432
34 4195440
28 4195448
43 4195456
34 4195464
28 4195472
43 4195480
42 4195488
34 4195496
01 4195504
43 4195512
28 4195520
34 4195528
43 4195536
42 4195544
43 4195552
43 4195560
02 4195568
43 4195576
43 4195584
43 4195592
02 4195600
43 4195608
06 4195616
01 4195624
a2 4195632
43 4195640
02 4195648
01 4195656
43 4195664
43 4195672
28 4195680
28 4195688
02 4195696
a2 4195704
43 4195712
02 4195720
42 4195728
28 4195736
28 4195744
43 4195752
03 4195760
00 4195768
43 4195776
34 4195784
a2 4195792
43 4195800
34 4195808
28 4195816
05 4195824
28 4195832
43 4195840
04 4195848
28 4195856
06 4195864
28 4195872
28 4195880
43 4195888
03 4195896
43 4195904
34 4195912
34 4195920
34 4195928
a2 4195936
43 4195944
28 4195952
43 4195960
06 4195968
28 4195976
42 4195984
05 4195992
a2 4196000
43 4196008
43 4196016
55 4196024
42 4196032
28 4196040
06 4196048
42 4196056
05 4196064
a2 4196072
43 4196080
55 4196088
42 4196096
28 4196104
04 4196112
43 4196120
06 4196128
a2 4196136
43 4196144
02 4196152
28 4196160
28 4196168
28 4196176
43 4196184
03 4196192
28 4196200
43 4196208
34 4196216
06 4196224
43 4196232
34 4196240
02 4196248
28 4196256
43 4196264
03 4196272
00 4196280
43 4196288
34 4196296
02 4196304
28 4196312
43 4196320
03 4196328
43 4196336
34 4196344
28 4196352
34 4196360
42 4196368
34 4196376
34 4196384
34 4196392
34 4196400
34 4196408
05 4196416
43 4196424
43 4196432
28 4196440
42 4196448
43 4196456
05 4196464
55 4196472
42 4196480
55 4196488
43 4196496
42 4196504
28 4196512
05 4196520
05 4196528
05 4196536
01 4196544
28 4196552
28 4196560
42 4196568
04 4196576
01 4196584
28 4196592
04 4196600
43 4196608
42 4196616
43 4196624
06 4196632
28 4196640
06 4196648
02 4196656
42 4196664
02 4196672
28 4196680
28 4196688
28 4196696
28 4196704
28 4196712
28 4196720
28 4196728
43 4196736
03 4196744
43 4196752
28 4196760
43 4196768
43 4196776
34 4196784
34 4196792
34 4196800
04 4196808
42 4196816
4f 4196824
05 4196832
43 4196840
45 4196848
28 4196856
42 4196864
04 4196872
28 4196880
05 4196888
04 4196896
34 4196904
05 4196912
28 4196920
42 4196928
42 4196936
55 4196944
42 4196952
55 4196960
02 4196968
28 4196976
28 4196984
43 4196992
43 4197000
34 4197008
34 4197016
34 4197024
55 4197032
42 4197040
55 4197048
34 4197056
34 4197064
34 4197072
34 4197080
34 4197088
01 4197096
42 4197104
28 4197112
28 4197120
43 4197128
03 4197136
28 4197144
43 4197152
34 4197160
42 4197168
34 4197176
34 4197184
34 4197192
34 4197200
34 4197208
04 4197216
42 4197224
4f 4197232
05 4197240
43 4197248
45 4197256
28 4197264
42 4197272
04 4197280
28 4197288
05 4197296
04 4197304
42 4197312
06 4197320
42 4197328
01 4197336
28 4197344
42 4197352
45 4197360
0a 4197368
43 4197376
28 4197384
59 4197392
43 4197400
5d 4197408
05 4197416
42 4197424
42 4197432
45 4197440
0a 4197448
43 4197456
59 4197464
43 4197472
5d 4197480
05 4197488
55 4197496
01 4197504
55 4197512
42 4197520
28 4197528
55 4197536
42 4197544
04 4197552
42 4197560
4f 4197568
05 4197576
43 4197584
45 4197592
28 4197600
42 4197608
04 4197616
28 4197624
05 4197632
04 4197640
06 4197648
28 4197656
45 4197664
04 4197672
42 4197680
01 4197688
28 4197696
42 4197704
28 4197712
55 4197720
42 4197728
55 4197736
02 4197744
28 4197752
42 4197760
55 4197768
42 4197776
55 4197784
42 4197792
45 4197800
55 4197808
42 4197816
55 4197824
02 4197832
28 4197840
28 4197848
45 4197856
42 4197864
0a 4197872
43 4197880
59 4197888
55 4197896
42 4197904
55 4197912
42 4197920
34 4197928
28 4197936
28 4197944
34 4197952
55 4197960
42 4197968
55 4197976
28 4197984
43 4197992
57 4198000
43 4198008
34 4198016
34 4198024
42 4198032
34 4198040
02 4198048
34 4198056
28 4198064
42 4198072
45 4198080
0a 4198088
43 4198096
59 4198104
43 4198112
34 4198120
42 4198128
28 4198136
28 4198144
28 4198152
28 4198160
28 4198168
28 4198176
43 4198184
03 4198192
28 4198200
43 4198208
34 4198216
42 4198224
34 4198232
34 4198240
34 4198248
34 4198256
34 4198264
05 4198272
04 4198280
01 4198288
28 4198296
06 4198304
02 4198312
05 4198320
5e 4198328
05 4198336
43 4198344
5e 4198352
05 4198360
43 4198368
43 4198376
57 4198384
05 4198392
43 4198400
57 4198408
06 4198416
55 4198424
a2 4198432
42 4198440
28 4198448
05 4198456
42 4198464
28 4198472
28 4198480
34 4198488
28 4198496
05 4198504
28 4198512
34 4198520
28 4198528
45 4198536
0a 4198544
43 4198552
59 4198560
43 4198568
28 4198576
55 4198584
42 4198592
55 4198600
42 4198608
28 4198616
43 4198624
34 4198632
05 4198640
28 4198648
4f 4198656
58 4198664
34 4198672
28 4198680
43 4198688
28 4198696
28 4198704
56 4198712
43 4198720
34 4198728
28 4198736
43 4198744
45 4198752
34 4198760
34 4198768
42 4198776
34 4198784
01 4198792
43 4198800
02 4198808
42 4198816
05 4198824
43 4198832
43 4198840
5a 4198848
5d 4198856
05 4198864
42 4198872
a2 4198880
43 4198888
42 4198896
42 4198904
a2 4198912
42 4198920
28 4198928
56 4198936
42 4198944
34 4198952
34 4198960
34 4198968
28 4198976
05 4198984
34 4198992
43 4199000
5d 4199008
06 4199016
28 4199024
45 4199032
0a 4199040
43 4199048
59 4199056
43 4199064
28 4199072
55 4199080
42 4199088
28 4199096
55 4199104
42 4199112
43 4199120
43 4199128
34 4199136
34 4199144
34 4199152
43 4199160
28 4199168
5a 4199176
42 4199184
28 4199192
43 4199200
56 4199208
34 4199216
43 4199224
45 4199232
43 4199240
42 4199248
34 4199256
34 4199264
01 4199272
28 4199280
28 4199288
43 4199296
55 4199304
42 4199312
55 4199320
42 4199328
28 4199336
57 4199344
42 4199352
5d 4199360
05 4199368
55 4199376
42 4199384
55 4199392
42 4199400
28 4199408
06 4199416
28 4199424
28 4199432
55 4199440
42 4199448
55 4199456
42 4199464
28 4199472
05 4199480
42 4199488
06 4199496
28 4199504
42 4199512
04 4199520
28 4199528
43 4199536
55 4199544
42 4199552
06 4199560
45 4199568
55 4199576
42 4199584
02 4199592
05 4199600
28 4199608
28 4199616
55 4199624
42 4199632
55 4199640
42 4199648
28 4199656
28 4199664
42 4199672
42 4199680
34 4199688
34 4199696
01 4199704
42 4199712
02 4199720
42 4199728
05 4199736
28 4199744
45 4199752
0a 4199760
43 4199768
59 4199776
43 4199784
42 4199792
28 4199800
55 4199808
42 4199816
28 4199824
28 4199832
55 4199840
42 4199848
43 4199856
42 4199864
34 4199872
34 4199880
34 4199888
34 4199896
01 4199904
28 4199912
55 4199920
42 4199928
55 4199936
42 4199944
28 4199952
5d 4199960
06 4199968
43 4199976
28 4199984
28 4199992
55 4200000
42 4200008
55 4200016
42 4200024
28 4200032
55 4200040
42 4200048
5d 4200056
05 4200064
42 4200072
55 4200080
42 4200088
55 4200096
42 4200104
45 4200112
34 4200120
28 4200128
34 4200136
28 4200144
34 4200152
28 4200160
34 4200168
28 4200176
55 4200184
42 4200192
55 4200200
42 4200208
34 4200216
55 4200224
42 4200232
55 4200240
42 4200248
01 4200256
42 4200264
01 4200272
28 4200280
55 4200288
42 4200296
28 4200304
55 4200312
42 4200320
34 4200328
28 4200336
28 4200344
28 4200352
43 4200360
34 4200368
55 4200376
42 4200384
55 4200392
42 4200400
34 4200408
34 4200416
28 4200424
55 4200432
42 4200440
28 4200448
55 4200456
42 4200464
34 4200472
34 4200480
28 4200488
43 4200496
34 4200504
28 4200512
55 4200520
42 4200528
45 4200536
34 4200544
34 4200552
42 4200560
28 4200568
28 4200576
28 4200584
28 4200592
28 4200600
28 4200608
43 4200616
03 4200624
00 4200632
34 4200640
42 4200648
34 4200656
28 4200664
34 4200672
34 4200680
43 4200688
43 4200696
34 4200704
02 4200712
28 4200720
43 4200728
03 4200736
00 4200744
43 4200752
34 4200760
42 4200768
34 4200776
02 4200784
42 4200792
05 4200800
42 4200808
43 4200816
34 4200824
34 4200832
01 4200840
43 4200848
28 4200856
28 4200864
43 4200872
03 4200880
28 4200888
43 4200896
34 4200904
05 4200912
28 4200920
42 4200928
05 4200936
42 4200944
42 4200952
42 4200960
28 4200968
42 4200976
05 4200984
43 4200992
43 4201000
43 4201008
5d 4201016
06 4201024
28 4201032
5e 4201040
06 4201048
28 4201056
06 4201064
43 4201072
02 4201080
42 4201088
05 4201096
28 4201104
43 4201112
43 4201120
34 4201128
34 4201136
34 4201144
01 4201152
43 4201160
42 4201168
01 4201176
43 4201184
34 4201192
55 4201200
42 4201208
55 4201216
43 4201224
42 4201232
01 4201240
42 4201248
28 4201256
43 4201264
03 4201272
43 4201280
34 4201288
42 4201296
34 4201304
05 4201312
28 4201320
05 4201328
43 4201336
02 4201344
06 4201352
28 4201360
01 4201368
43 4201376
34 4201384
28 4201392
28 4201400
43 4201408
03 4201416
43 4201424
34 4201432
42 4201440
02 4201448
28 4201456
43 4201464
03 4201472
00 4201480
01 4201488
00 4201496
43 4201504
a0 4201512
06 4201520
00 4201528
43 4201536
34 4201544
02 4201552
54 4201560
5d 4201568
45 4201576
4e 4201584
28 4201592
43 4201600
03 4201608
42 4201616
5e 4201624
06 4201632
4f 4201640
55 4201648
50 4201656
55 4201664
50 4201672
4f 4201680
05 4201688
30 4201696
43 4201704
43 4201712
4f 4201720
06 4201728
57 4201736
05 4201744
43 4201752
34 4201760
34 4201768
34 4201776
34 4201784
34 4201792
34 4201800
34 4201808
34 4201816
43 4201824
43 4201832
43 4201840
06 4201848
4f 4201856
57 4201864
05 4201872
34 4201880
43 4201888
43 4201896
06 4201904
4f 4201912
05 4201920
30 4201928
43 4201936
43 4201944
06 4201952
42 4201960
03 4201968
00 4201976
43 4201984
34 4201992
42 4202000
34 4202008
42 4202016
34 4202024
42 4202032
34 4202040
42 4202048
5e 4202056
34 4202064
06 4202072
45 4202080
4f 4202088
45 4202096
42 4202104
05 4202112
22 4202120
43 4202128
43 4202136
30 4202144
43 4202152
06 4202160
4f 4202168
06 4202176
42 4202184
42 4202192
57 4202200
02 4202208
01 4202216
42 4202224
42 4202232
57 4202240
02 4202248
43 4202256
4e 4202264
42 4202272
42 4202280
4f 4202288
42 4202296
05 4202304
22 4202312
43 4202320
43 4202328
30 4202336
43 4202344
06 4202352
42 4202360
28 4202368
28 4202376
28 4202384
28 4202392
28 4202400
43 4202408
03 4202416
00 4202424
28 4202432
43 4202440
42 4202448
34 4202456
34 4202464
34 4202472
34 4202480
34 4202488
45 4202496
0a 4202504
43 4202512
59 4202520
43 4202528
28 4202536
55 4202544
42 4202552
55 4202560
42 4202568
28 4202576
06 4202584
28 4202592
28 4202600
28 4202608
28 4202616
28 4202624
43 4202632
34 4202640
28 4202648
55 4202656
45 4202664
34 4202672
55 4202680
42 4202688
34 4202696
5d 4202704
05 4202712
42 4202720
55 4202728
42 4202736
55 4202744
42 4202752
28 4202760
5d 4202768
06 4202776
01 4202784
42 4202792
55 4202800
42 4202808
55 4202816
42 4202824
28 4202832
05 4202840
5d 4202848
06 4202856
55 4202864
42 4202872
55 4202880
42 4202888
28 4202896
28 4202904
55 4202912
42 4202920
55 4202928
42 4202936
28 4202944
42 4202952
06 4202960
55 4202968
42 4202976
55 4202984
42 4202992
28 4203000
42 4203008
42 4203016
34 4203024
01 4203032
55 4203040
42 4203048
55 4203056
42 4203064
28 4203072
34 4203080
28 4203088
34 4203096
28 4203104
34 4203112
34 4203120
28 4203128
43 4203136
55 4203144
42 4203152
55 4203160
42 4203168
34 4203176
34 4203184
28 4203192
55 4203200
42 4203208
55 4203216
42 4203224
28 4203232
28 4203240
42 4203248
06 4203256
55 4203264
42 4203272
55 4203280
42 4203288
28 4203296
28 4203304
42 4203312
34 4203320
55 4203328
42 4203336
55 4203344
42 4203352
28 4203360
28 4203368
43 4203376
55 4203384
42 4203392
55 4203400
42 4203408
34 4203416
34 4203424
34 4203432
28 4203440
42 4203448
28 4203456
5e 4203464
06 4203472
28 4203480
42 4203488
06 4203496
28 4203504
42 4203512
04 4203520
28 4203528
43 4203536
55 4203544
42 4203552
06 4203560
55 4203568
28 4203576
28 4203584
45 4203592
45 4203600
34 4203608
04 4203616
28 4203624
42 4203632
28 4203640
55 4203648
42 4203656
28 4203664
55 4203672
42 4203680
34 4203688
28 4203696
28 4203704
28 4203712
43 4203720
45 4203728
34 4203736
55 4203744
42 4203752
34 4203760
28 4203768
55 4203776
42 4203784
34 4203792
28 4203800
34 4203808
01 4203816
28 4203824
28 4203832
55 4203840
42 4203848
28 4203856
56 4203864
42 4203872
28 4203880
43 4203888
43 4203896
34 4203904
28 4203912
56 4203920
45 4203928
34 4203936
28 4203944
43 4203952
42 4203960
34 4203968
43 4203976
34 4203984
5a 4203992
43 4204000
06 4204008
42 4204016
43 4204024
5d 4204032
05 4204040
28 4204048
43 4204056
5d 4204064
06 4204072
28 4204080
34 4204088
05 4204096
28 4204104
34 4204112
28 4204120
43 4204128
55 4204136
28 4204144
28 4204152
28 4204160
42 4204168
55 4204176
42 4204184
55 4204192
42 4204200
43 4204208
34 4204216
28 4204224
43 4204232
34 4204240
28 4204248
43 4204256
34 4204264
43 4204272
5a 4204280
34 4204288
45 4204296
43 4204304
34 4204312
34 4204320
02 4204328
01 4204336
05 4204344
28 4204352
34 4204360
34 4204368
34 4204376
28 4204384
05 4204392
34 4204400
28 4204408
42 4204416
28 4204424
43 4204432
34 4204440
01 4204448
42 4204456
4f 4204464
58 4204472
34 4204480
55 4204488
34 4204496
a2 4204504
42 4204512
28 4204520
34 4204528
a2 4204536
43 4204544
42 4204552
34 4204560
34 4204568
28 4204576
05 4204584
34 4204592
28 4204600
28 4204608
28 4204616
28 4204624
28 4204632
43 4204640
03 4204648
43 4204656
34 4204664
05 4204672
28 4204680
05 4204688
28 4204696
05 4204704
28 4204712
06 4204720
28 4204728
05 4204736
04 4204744
01 4204752
28 4204760
34 4204768
01 4204776
02 4204784
28 4204792
43 4204800
03 4204808
43 4204816
34 4204824
42 4204832
34 4204840
42 4204848
34 4204856
42 4204864
34 4204872
34 4204880
34 4204888
34 4204896
34 4204904
34 4204912
34 4204920
34 4204928
05 4204936
28 4204944
a2 4204952
51 4204960
06 4204968
28 4204976
28 4204984
28 4204992
a2 4205000
51 4205008
06 4205016
28 4205024
4f 4205032
05 4205040
06 4205048
43 4205056
34 4205064
43 4205072
01 4205080
28 4205088
4f 4205096
06 4205104
42 4205112
43 4205120
02 4205128
43 4205136
05 4205144
28 4205152
5e 4205160
30 4205168
05 4205176
43 4205184
34 4205192
28 4205200
28 4205208
34 4205216
43 4205224
34 4205232
43 4205240
34 4205248
34 4205256
42 4205264
42 4205272
42 4205280
02 4205288
42 4205296
01 4205304
4f 4205312
05 4205320
42 4205328
34 4205336
02 4205344
28 4205352
42 4205360
42 4205368
42 4205376
02 4205384
28 4205392
42 4205400
07 4205408
43 4205416
20 4205424
28 4205432
28 4205440
43 4205448
5d 4205456
05 4205464
43 4205472
34 4205480
42 4205488
30 4205496
4f 4205504
43 4205512
05 4205520
01 4205528
42 4205536
4f 4205544
34 4205552
02 4205560
28 4205568
43 4205576
05 4205584
43 4205592
42 4205600
43 4205608
08 4205616
01 4205624
20 4205632
43 4205640
05 4205648
43 4205656
42 4205664
43 4205672
34 4205680
02 4205688
28 4205696
42 4205704
06 4205712
42 4205720
42 4205728
34 4205736
02 4205744
42 4205752
28 4205760
45 4205768
5c 4205776
06 4205784
42 4205792
43 4205800
42 4205808
42 4205816
34 4205824
02 4205832
28 4205840
42 4205848
06 4205856
42 4205864
01 4205872
5d 4205880
05 4205888
20 4205896
28 4205904
28 4205912
43 4205920
5d 4205928
05 4205936
43 4205944
34 4205952
42 4205960
30 4205968
4f 4205976
43 4205984
05 4205992
01 4206000
42 4206008
4f 4206016
34 4206024
02 4206032
28 4206040
43 4206048
05 4206056
43 4206064
5d 4206072
06 4206080
01 4206088
43 4206096
20 4206104
06 4206112
43 4206120
28 4206128
28 4206136
5d 4206144
06 4206152
42 4206160
43 4206168
34 4206176
02 4206184
28 4206192
43 4206200
06 4206208
43 4206216
01 4206224
43 4206232
34 4206240
43 4206248
30 4206256
43 4206264
01 4206272
42 4206280
42 4206288
43 4206296
43 4206304
43 4206312
43 4206320
43 4206328
a2 4206336
43 4206344
43 4206352
30 4206360
30 4206368
30 4206376
01 4206384
22 4206392
43 4206400
43 4206408
55 4206416
59 4206424
5e 4206432
05 4206440
55 4206448
42 4206456
28 4206464
03 4206472
43 4206480
01 4206488
43 4206496
01 4206504
43 4206512
30 4206520
01 4206528
43 4206536
30 4206544
01 4206552
43 4206560
30 4206568
20 4206576
43 4206584
05 4206592
05 4206600
05 4206608
05 4206616
05 4206624
22 4206632
42 4206640
05 4206648
43 4206656
30 4206664
20 4206672
42 4206680
43 4206688
06 4206696
28 4206704
43 4206712
43 4206720
4e 4206728
28 4206736
43 4206744
34 4206752
0a 4206760
45 4206768
43 4206776
30 4206784
43 4206792
01 4206800
28 4206808
55 4206816
42 4206824
26 4206832
4f 4206840
05 4206848
20 4206856
55 4206864
43 4206872
20 4206880
42 4206888
55 4206896
55 4206904
42 4206912
26 4206920
43 4206928
42 4206936
4f 4206944
06 4206952
20 4206960
43 4206968
43 4206976
06 4206984
43 4206992
20 4207000
43 4207008
06 4207016
28 4207024
43 4207032
43 4207040
4e 4207048
28 4207056
43 4207064
34 4207072
0a 4207080
43 4207088
43 4207096
01 4207104
28 4207112
55 4207120
42 4207128
26 4207136
4f 4207144
05 4207152
42 4207160
05 4207168
42 4207176
20 4207184
55 4207192
42 4207200
26 4207208
4f 4207216
05 4207224
55 4207232
42 4207240
55 4207248
43 4207256
20 4207264
43 4207272
42 4207280
06 4207288
42 4207296
42 4207304
20 4207312
42 4207320
01 4207328
22 4207336
43 4207344
43 4207352
55 4207360
59 4207368
5e 4207376
05 4207384
55 4207392
a2 4207400
42 4207408
28 4207416
03 4207424
43 4207432
01 4207440
42 4207448
06 4207456
43 4207464
01 4207472
42 4207480
42 4207488
01 4207496
43 4207504
20 4207512
43 4207520
05 4207528
43 4207536
05 4207544
43 4207552
05 4207560
43 4207568
05 4207576
22 4207584
28 4207592
43 4207600
30 4207608
05 4207616
55 4207624
59 4207632
42 4207640
28 4207648
01 4207656
42 4207664
06 4207672
22 4207680
43 4207688
55 4207696
59 4207704
5e 4207712
05 4207720
55 4207728
a2 4207736
42 4207744
28 4207752
03 4207760
43 4207768
34 4207776
42 4207784
05 4207792
28 4207800
43 4207808
43 4207816
4e 4207824
28 4207832
28 4207840
43 4207848
01 4207856
42 4207864
05 4207872
28 4207880
43 4207888
43 4207896
4e 4207904
28 4207912
43 4207920
42 4207928
01 4207936
42 4207944
06 4207952
28 4207960
43 4207968
43 4207976
4e 4207984
28 4207992
43 4208000
42 4208008
01 4208016
28 4208024
43 4208032
43 4208040
4e 4208048
26 4208056
43 4208064
55 4208072
59 4208080
59 4208088
34 4208096
57 4208104
30 4208112
42 4208120
42 4208128
05 4208136
45 4208144
45 4208152
5d 4208160
45 4208168
01 4208176
43 4208184
01 4208192
43 4208200
34 4208208
01 4208216
43 4208224
34 4208232
42 4208240
05 4208248
28 4208256
43 4208264
43 4208272
4e 4208280
28 4208288
28 4208296
43 4208304
01 4208312
42 4208320
05 4208328
28 4208336
43 4208344
43 4208352
4e 4208360
28 4208368
01 4208376
42 4208384
06 4208392
28 4208400
43 4208408
43 4208416
4e 4208424
28 4208432
01 4208440
28 4208448
43 4208456
43 4208464
4e 4208472
26 4208480
43 4208488
42 4208496
34 4208504
42 4208512
42 4208520
30 4208528
43 4208536
34 4208544
43 4208552
06 4208560
43 4208568
42 4208576
42 4208584
22 4208592
a2 4208600
43 4208608
43 4208616
34 4208624
55 4208632
59 4208640
53 4208648
06 4208656
a2 4208664
43 4208672
34 4208680
42 4208688
06 4208696
05 4208704
28 4208712
42 4208720
42 4208728
34 4208736
34 4208744
34 4208752
42 4208760
42 4208768
42 4208776
02 4208784
28 4208792
43 4208800
42 4208808
22 4208816
42 4208824
42 4208832
42 4208840
42 4208848
30 4208856
02 4208864
28 4208872
28 4208880
28 4208888
42 4208896
42 4208904
06 4208912
06 4208920
28 4208928
43 4208936
22 4208944
45 4208952
45 4208960
45 4208968
42 4208976
05 4208984
28 4208992
43 4209000
06 4209008
08 4209016
43 4209024
30 4209032
43 4209040
43 4209048
07 4209056
45 4209064
42 4209072
43 4209080
07 4209088
43 4209096
30 4209104
43 4209112
42 4209120
43 4209128
08 4209136
22 4209144
42 4209152
05 4209160
28 4209168
43 4209176
06 4209184
43 4209192
22 4209200
42 4209208
06 4209216
42 4209224
06 4209232
42 4209240
05 4209248
43 4209256
22 4209264
42 4209272
06 4209280
22 4209288
43 4209296
06 4209304
01 4209312
28 4209320
28 4209328
5d 4209336
06 4209344
42 4209352
43 4209360
34 4209368
34 4209376
34 4209384
02 4209392
28 4209400
28 4209408
28 4209416
43 4209424
06 4209432
01 4209440
43 4209448
34 4209456
43 4209464
30 4209472
43 4209480
42 4209488
43 4209496
08 4209504
22 4209512
42 4209520
05 4209528
28 4209536
28 4209544
5d 4209552
06 4209560
42 4209568
43 4209576
01 4209584
43 4209592
34 4209600
43 4209608
30 4209616
01 4209624
42 4209632
05 4209640
28 4209648
28 4209656
5d 4209664
06 4209672
42 4209680
43 4209688
34 4209696
02 4209704
28 4209712
43 4209720
06 4209728
01 4209736
43 4209744
34 4209752
43 4209760
30 4209768
01 4209776
42 4209784
05 4209792
28 4209800
28 4209808
5d 4209816
06 4209824
42 4209832
43 4209840
34 4209848
02 4209856
28 4209864
43 4209872
06 4209880
01 4209888
43 4209896
34 4209904
43 4209912
30 4209920
43 4209928
22 4209936
42 4209944
05 4209952
28 4209960
43 4209968
06 4209976
28 4209984
28 4209992
5d 4210000
06 4210008
42 4210016
43 4210024
34 4210032
02 4210040
28 4210048
43 4210056
06 4210064
01 4210072
43 4210080
34 4210088
43 4210096
30 4210104
43 4210112
22 4210120
55 4210128
28 4210136
28 4210144
59 4210152
5d 4210160
05 4210168
43 4210176
34 4210184
42 4210192
30 4210200
4f 4210208
43 4210216
05 4210224
01 4210232
42 4210240
4f 4210248
34 4210256
02 4210264
28 4210272
43 4210280
05 4210288
43 4210296
22 4210304
42 4210312
06 4210320
22 4210328
43 4210336
42 4210344
06 4210352
42 4210360
43 4210368
07 4210376
43 4210384
28 4210392
28 4210400
5d 4210408
06 4210416
42 4210424
43 4210432
34 4210440
02 4210448
28 4210456
43 4210464
06 4210472
01 4210480
43 4210488
34 4210496
30 4210504
43 4210512
42 4210520
43 4210528
08 4210536
28 4210544
43 4210552
5d 4210560
06 4210568
28 4210576
28 4210584
20 4210592
5d 4210600
05 4210608
43 4210616
34 4210624
42 4210632
30 4210640
4f 4210648
43 4210656
05 4210664
01 4210672
42 4210680
4f 4210688
34 4210696
02 4210704
28 4210712
43 4210720
05 4210728
43 4210736
43 4210744
28 4210752
5d 4210760
05 4210768
22 4210776
42 4210784
05 4210792
42 4210800
43 4210808
07 4210816
28 4210824
28 4210832
5d 4210840
06 4210848
42 4210856
43 4210864
34 4210872
02 4210880
28 4210888
43 4210896
06 4210904
01 4210912
43 4210920
34 4210928
43 4210936
30 4210944
43 4210952
42 4210960
43 4210968
08 4210976
01 4210984
a2 4210992
43 4211000
01 4211008
28 4211016
43 4211024
43 4211032
4e 4211040
28 4211048
22 4211056
43 4211064
42 4211072
59 4211080
34 4211088
42 4211096
06 4211104
43 4211112
07 4211120
28 4211128
28 4211136
5d 4211144
06 4211152
42 4211160
43 4211168
34 4211176
02 4211184
28 4211192
43 4211200
06 4211208
01 4211216
43 4211224
34 4211232
43 4211240
30 4211248
43 4211256
43 4211264
08 4211272
28 4211280
28 4211288
4f 4211296
5d 4211304
05 4211312
43 4211320
34 4211328
42 4211336
30 4211344
4f 4211352
43 4211360
05 4211368
01 4211376
42 4211384
34 4211392
02 4211400
28 4211408
43 4211416
05 4211424
43 4211432
22 4211440
42 4211448
05 4211456
43 4211464
07 4211472
28 4211480
28 4211488
5d 4211496
06 4211504
42 4211512
43 4211520
34 4211528
02 4211536
28 4211544
43 4211552
06 4211560
01 4211568
43 4211576
34 4211584
43 4211592
30 4211600
43 4211608
43 4211616
08 4211624
01 4211632
28 4211640
43 4211648
43 4211656
4e 4211664
28 4211672
43 4211680
34 4211688
06 4211696
43 4211704
05 4211712
5c 4211720
06 4211728
43 4211736
43 4211744
01 4211752
43 4211760
42 4211768
01 4211776
42 4211784
34 4211792
02 4211800
42 4211808
28 4211816
43 4211824
05 4211832
5d 4211840
05 4211848
42 4211856
22 4211864
45 4211872
42 4211880
06 4211888
01 4211896
28 4211904
28 4211912
5d 4211920
06 4211928
42 4211936
43 4211944
34 4211952
02 4211960
28 4211968
43 4211976
06 4211984
01 4211992
43 4212000
34 4212008
43 4212016
30 4212024
43 4212032
42 4212040
43 4212048
08 4212056
5e 4212064
05 4212072
42 4212080
43 4212088
05 4212096
20 4212104
28 4212112
28 4212120
43 4212128
5d 4212136
05 4212144
43 4212152
34 4212160
42 4212168
30 4212176
4f 4212184
43 4212192
05 4212200
01 4212208
42 4212216
4f 4212224
34 4212232
02 4212240
28 4212248
43 4212256
05 4212264
43 4212272
42 4212280
43 4212288
06 4212296
01 4212304
42 4212312
43 4212320
42 4212328
42 4212336
34 4212344
02 4212352
28 4212360
06 4212368
42 4212376
22 4212384
42 4212392
05 4212400
42 4212408
43 4212416
07 4212424
28 4212432
28 4212440
5d 4212448
06 4212456
42 4212464
43 4212472
34 4212480
02 4212488
28 4212496
43 4212504
06 4212512
01 4212520
43 4212528
34 4212536
43 4212544
30 4212552
43 4212560
42 4212568
43 4212576
08 4212584
01 4212592
28 4212600
43 4212608
43 4212616
4e 4212624
28 4212632
43 4212640
34 4212648
05 4212656
43 4212664
43 4212672
34 4212680
43 4212688
42 4212696
42 4212704
30 4212712
30 4212720
01 4212728
22 4212736
43 4212744
42 4212752
06 4212760
01 4212768
28 4212776
28 4212784
5d 4212792
06 4212800
42 4212808
43 4212816
34 4212824
02 4212832
28 4212840
43 4212848
06 4212856
01 4212864
43 4212872
34 4212880
43 4212888
30 4212896
43 4212904
42 4212912
43 4212920
08 4212928
20 4212936
43 4212944
05 4212952
28 4212960
28 4212968
20 4212976
5d 4212984
05 4212992
43 4213000
34 4213008
42 4213016
30 4213024
4f 4213032
43 4213040
05 4213048
01 4213056
42 4213064
4f 4213072
34 4213080
02 4213088
28 4213096
43 4213104
05 4213112
43 4213120
43 4213128
20 4213136
06 4213144
22 4213152
42 4213160
05 4213168
42 4213176
43 4213184
07 4213192
28 4213200
28 4213208
5d 4213216
06 4213224
42 4213232
43 4213240
34 4213248
02 4213256
28 4213264
43 4213272
06 4213280
01 4213288
43 4213296
34 4213304
43 4213312
30 4213320
43 4213328
42 4213336
43 4213344
08 4213352
01 4213360
42 4213368
05 4213376
28 4213384
43 4213392
43 4213400
4e 4213408
28 4213416
42 4213424
42 4213432
43 4213440
34 4213448
34 4213456
34 4213464
01 4213472
42 4213480
06 4213488
42 4213496
06 4213504
28 4213512
43 4213520
43 4213528
4e 4213536
28 4213544
43 4213552
34 4213560
34 4213568
01 4213576
28 4213584
43 4213592
43 4213600
4e 4213608
28 4213616
43 4213624
34 4213632
32 4213640
01 4213648
28 4213656
09 4213664
28 4213672
5b 4213680
05 4213688
43 4213696
42 4213704
a2 4213712
43 4213720
34 4213728
02 4213736
28 4213744
01 4213752
55 4213760
a2 4213768
42 4213776
28 4213784
01 4213792
a2 4213800
43 4213808
22 4213816
22 4213824
42 4213832
43 4213840
30 4213848
28 4213856
43 4213864
43 4213872
34 4213880
34 4213888
34 4213896
22 4213904
4e 4213912
55 4213920
50 4213928
43 4213936
4e 4213944
55 4213952
50 4213960
43 4213968
4e 4213976
55 4213984
50 4213992
43 4214000
4e 4214008
55 4214016
50 4214024
43 4214032
4e 4214040
55 4214048
50 4214056
43 4214064
4e 4214072
55 4214080
50 4214088
43 4214096
4e 4214104
22 4214112
55 4214120
50 4214128
34 4214136
30 4214144
04 4214152
28 4214160
09 4214168
42 4214176
20 4214184
22 4214192
06 4214200
22 4214208
42 4214216
05 4214224
42 4214232
02 4214240
43 4214248
05 4214256
34 4214264
34 4214272
34 4214280
34 4214288
34 4214296
42 4214304
28 4214312
28 4214320
28 4214328
28 4214336
28 4214344
28 4214352
28 4214360
28 4214368
28 4214376
28 4214384
43 4214392
03 4214400
43 4214408
34 4214416
42 4214424
34 4214432
42 4214440
34 4214448
34 4214456
34 4214464
34 4214472
34 4214480
34 4214488
28 4214496
28 4214504
42 4214512
43 4214520
28 4214528
28 4214536
5d 4214544
05 4214552
43 4214560
34 4214568
43 4214576
30 4214584
01 4214592
42 4214600
43 4214608
02 4214616
43 4214624
05 4214632
43 4214640
28 4214648
4f 4214656
05 4214664
28 4214672
28 4214680
5d 4214688
05 4214696
43 4214704
34 4214712
43 4214720
30 4214728
01 4214736
42 4214744
43 4214752
02 4214760
43 4214768
05 4214776
43 4214784
28 4214792
4f 4214800
05 4214808
28 4214816
28 4214824
5d 4214832
05 4214840
43 4214848
34 4214856
43 4214864
30 4214872
01 4214880
42 4214888
43 4214896
02 4214904
43 4214912
06 4214920
01 4214928
4f 4214936
05 4214944
28 4214952
28 4214960
5d 4214968
05 4214976
43 4214984
34 4214992
43 4215000
30 4215008
01 4215016
42 4215024
43 4215032
02 4215040
43 4215048
05 4215056
43 4215064
28 4215072
4f 4215080
05 4215088
28 4215096
28 4215104
5d 4215112
05 4215120
43 4215128
34 4215136
43 4215144
30 4215152
01 4215160
42 4215168
43 4215176
02 4215184
43 4215192
05 4215200
43 4215208
20 4215216
43 4215224
06 4215232
28 4215240
28 4215248
5d 4215256
05 4215264
43 4215272
34 4215280
43 4215288
30 4215296
01 4215304
42 4215312
43 4215320
02 4215328
43 4215336
05 4215344
43 4215352
42 4215360
07 4215368
a2 4215376
51 4215384
46 4215392
4a 4215400
4c 4215408
57 4215416
42 4215424
59 4215432
59 4215440
45 4215448
55 4215456
42 4215464
55 4215472
45 4215480
43 4215488
30 4215496
43 4215504
42 4215512
08 4215520
43 4215528
5d 4215536
06 4215544
43 4215552
28 4215560
28 4215568
20 4215576
5d 4215584
05 4215592
43 4215600
34 4215608
42 4215616
30 4215624
4f 4215632
01 4215640
42 4215648
4f 4215656
02 4215664
05 4215672
43 4215680
43 4215688
5d 4215696
05 4215704
28 4215712
43 4215720
05 4215728
28 4215736
28 4215744
5d 4215752
05 4215760
43 4215768
34 4215776
43 4215784
30 4215792
01 4215800
42 4215808
43 4215816
02 4215824
05 4215832
43 4215840
42 4215848
07 4215856
a2 4215864
51 4215872
46 4215880
4a 4215888
4c 4215896
57 4215904
42 4215912
59 4215920
59 4215928
45 4215936
55 4215944
42 4215952
55 4215960
45 4215968
43 4215976
30 4215984
43 4215992
42 4216000
08 4216008
43 4216016
5d 4216024
06 4216032
43 4216040
28 4216048
28 4216056
20 4216064
5d 4216072
05 4216080
43 4216088
34 4216096
42 4216104
30 4216112
4f 4216120
01 4216128
42 4216136
4f 4216144
02 4216152
05 4216160
43 4216168
43 4216176
5d 4216184
05 4216192
28 4216200
28 4216208
22 4216216
5d 4216224
05 4216232
43 4216240
42 4216248
34 4216256
30 4216264
4f 4216272
43 4216280
05 4216288
01 4216296
42 4216304
02 4216312
43 4216320
06 4216328
43 4216336
01 4216344
43 4216352
28 4216360
28 4216368
28 4216376
28 4216384
28 4216392
28 4216400
28 4216408
28 4216416
43 4216424
03 4216432
00 4216440
43 4216448
34 4216456
4f 4216464
34 4216472
34 4216480
06 4216488
42 4216496
02 4216504
01 4216512
42 4216520
42 4216528
02 4216536
05 4216544
42 4216552
43 4216560
01 4216568
42 4216576
28 4216584
28 4216592
28 4216600
43 4216608
03 4216616
43 4216624
34 4216632
42 4216640
34 4216648
34 4216656
34 4216664
06 4216672
28 4216680
05 4216688
a2 4216696
51 4216704
a2 4216712
51 4216720
28 4216728
06 4216736
28 4216744
28 4216752
28 4216760
06 4216768
42 4216776
02 4216784
28 4216792
06 4216800
42 4216808
01 4216816
28 4216824
a2 4216832
51 4216840
06 4216848
28 4216856
28 4216864
28 4216872
a2 4216880
51 4216888
05 4216896
43 4216904
34 4216912
43 4216920
01 4216928
28 4216936
4f 4216944
05 4216952
42 4216960
43 4216968
02 4216976
43 4216984
06 4216992
43 4217000
01 4217008
28 4217016
05 4217024
28 4217032
4f 4217040
06 4217048
02 4217056
28 4217064
05 4217072
28 4217080
04 4217088
42 4217096
01 4217104
28 4217112
4f 4217120
06 4217128
28 4217136
05 4217144
02 4217152
42 4217160
01 4217168
42 4217176
42 4217184
02 4217192
59 4217200
28 4217208
28 4217216
28 4217224
28 4217232
43 4217240
03 4217248
00 4217256
a2 4217264
34 4217272
43 4217280
03 4217288
43 4217296
34 4217304
34 4217312
06 4217320
28 4217328
01 4217336
28 4217344
42 4217352
02 4217360
42 4217368
43 4217376
09 4217384
42 4217392
28 4217400
28 4217408
43 4217416
03 4217424
00 4217432
4f 4217440
5e 4217448
05 4217456
55 4217464
a2 4217472
42 4217480
28 4217488
03 4217496
28 4217504
43 4217512
43 4217520
43 4217528
01 4217536
28 4217544
43 4217552
43 4217560
43 4217568
01 4217576
28 4217584
43 4217592
43 4217600
43 4217608
01 4217616
28 4217624
43 4217632
43 4217640
43 4217648
01 4217656
28 4217664
43 4217672
43 4217680
43 4217688
01 4217696
28 4217704
43 4217712
43 4217720
43 4217728
01 4217736
28 4217744
43 4217752
01 4217760
28 4217768
43 4217776
43 4217784
28 4217792
34 4217800
28 4217808
34 4217816
28 4217824
34 4217832
28 4217840
34 4217848
28 4217856
34 4217864
28 4217872
34 4217880
28 4217888
34 4217896
28 4217904
43 4217912
43 4217920
34 4217928
43 4217936
06 4217944
34 4217952
03 4217960
4f 4217968
43 4217976
4e 4217984
55 4217992
43 4218000
45 4218008
4f 4218016
43 4218024
05 4218032
05 4218040
43 4218048
05 4218056
43 4218064
05 4218072
01 4218080
28 4218088
28 4218096
43 4218104
43 4218112
43 4218120
01 4218128
28 4218136
28 4218144
43 4218152
43 4218160
01 4218168
28 4218176
28 4218184
43 4218192
43 4218200
01 4218208
28 4218216
28 4218224
43 4218232
43 4218240
28 4218248
58 4218256
56 4218264
50 4218272
34 4218280
28 4218288
58 4218296
56 4218304
50 4218312
34 4218320
28 4218328
58 4218336
56 4218344
50 4218352
34 4218360
28 4218368
43 4218376
58 4218384
56 4218392
50 4218400
43 4218408
34 4218416
43 4218424
06 4218432
58 4218440
56 4218448
50 4218456
34 4218464
03 4218472
4f 4218480
5e 4218488
05 4218496
55 4218504
a2 4218512
42 4218520
28 4218528
03 4218536
43 4218544
28 4218552
43 4218560
43 4218568
01 4218576
43 4218584
28 4218592
43 4218600
43 4218608
01 4218616
43 4218624
28 4218632
43 4218640
43 4218648
01 4218656
43 4218664
28 4218672
43 4218680
43 4218688
01 4218696
43 4218704
28 4218712
43 4218720
43 4218728
01 4218736
43 4218744
28 4218752
43 4218760
43 4218768
01 4218776
43 4218784
28 4218792
43 4218800
01 4218808
43 4218816
43 4218824
28 4218832
43 4218840
28 4218848
34 4218856
28 4218864
34 4218872
28 4218880
34 4218888
28 4218896
34 4218904
28 4218912
34 4218920
28 4218928
34 4218936
28 4218944
34 4218952
28 4218960
43 4218968
43 4218976
34 4218984
43 4218992
06 4219000
34 4219008
03 4219016
4f 4219024
43 4219032
4e 4219040
43 4219048
55 4219056
43 4219064
45 4219072
4f 4219080
43 4219088
05 4219096
05 4219104
43 4219112
05 4219120
43 4219128
05 4219136
01 4219144
43 4219152
28 4219160
28 4219168
43 4219176
43 4219184
01 4219192
43 4219200
28 4219208
28 4219216
43 4219224
43 4219232
01 4219240
43 4219248
28 4219256
28 4219264
43 4219272
01 4219280
43 4219288
43 4219296
28 4219304
28 4219312
43 4219320
28 4219328
58 4219336
56 4219344
50 4219352
34 4219360
28 4219368
58 4219376
56 4219384
50 4219392
34 4219400
28 4219408
58 4219416
56 4219424
50 4219432
34 4219440
28 4219448
43 4219456
58 4219464
56 4219472
50 4219480
43 4219488
34 4219496
43 4219504
06 4219512
58 4219520
56 4219528
50 4219536
34 4219544
03 4219552
00 4219560
42 4219568
5e 4219576
05 4219584
42 4219592
a2 4219600
43 4219608
55 4219616
a2 4219624
42 4219632
34 4219640
42 4219648
34 4219656
34 4219664
01 4219672
43 4219680
34 4219688
43 4219696
03 4219704
43 4219712
34 4219720
42 4219728
34 4219736
28 4219744
4f 4219752
06 4219760
28 4219768
a2 4219776
28 4219784
34 4219792
34 4219800
a2 4219808
43 4219816
28 4219824
28 4219832
28 4219840
34 4219848
34 4219856
34 4219864
28 4219872
28 4219880
34 4219888
34 4219896
42 4219904
02 4219912
28 4219920
51 4219928
34 4219936
28 4219944
28 4219952
43 4219960
03 4219968
43 4219976
34 4219984
42 4219992
34 4220000
34 4220008
28 4220016
4f 4220024
06 4220032
28 4220040
a2 4220048
28 4220056
34 4220064
34 4220072
a2 4220080
43 4220088
28 4220096
28 4220104
28 4220112
34 4220120
34 4220128
34 4220136
28 4220144
28 4220152
34 4220160
34 4220168
42 4220176
02 4220184
28 4220192
51 4220200
34 4220208
28 4220216
06 4220224
28 4220232
4f 4220240
06 4220248
28 4220256
06 4220264
43 4220272
34 4220280
28 4220288
28 4220296
5e 4220304
06 4220312
02 4220320
34 4220328
06 4220336
28 4220344
57 4220352
42 4220360
5e 4220368
34 4220376
05 4220384
28 4220392
34 4220400
06 4220408
28 4220416
34 4220424
51 4220432
34 4220440
28 4220448
06 4220456
28 4220464
28 4220472
34 4220480
34 4220488
34 4220496
28 4220504
43 4220512
06 4220520
28 4220528
06 4220536
43 4220544
34 4220552
43 4220560
01 4220568
28 4220576
34 4220584
28 4220592
43 4220600
43 4220608
04 4220616
0a 4220624
28 4220632
43 4220640
06 4220648
34 4220656
01 4220664
28 4220672
34 4220680
28 4220688
43 4220696
06 4220704
28 4220712
34 4220720
42 4220728
28 4220736
28 4220744
28 4220752
43 4220760
03 4220768
43 4220776
34 4220784
42 4220792
34 4220800
42 4220808
54 4220816
34 4220824
5e 4220832
34 4220840
34 4220848
34 4220856
34 4220864
34 4220872
34 4220880
28 4220888
28 4220896
42 4220904
43 4220912
06 4220920
42 4220928
28 4220936
28 4220944
28 4220952
45 4220960
42 4220968
34 4220976
4f 4220984
05 4220992
28 4221000
05 4221008
4f 4221016
06 4221024
28 4221032
28 4221040
42 4221048
05 4221056
42 4221064
02 4221072
05 4221080
28 4221088
28 4221096
49 4221104
06 4221112
a1 4221120
4a 4221128
06 4221136
43 4221144
34 4221152
06 4221160
28 4221168
28 4221176
49 4221184
06 4221192
a1 4221200
4a 4221208
28 4221216
42 4221224
45 4221232
34 4221240
04 4221248
43 4221256
06 4221264
28 4221272
4f 4221280
06 4221288
28 4221296
43 4221304
28 4221312
28 4221320
4e 4221328
43 4221336
4e 4221344
45 4221352
5d 4221360
34 4221368
05 4221376
28 4221384
42 4221392
34 4221400
01 4221408
42 4221416
43 4221424
28 4221432
05 4221440
28 4221448
28 4221456
42 4221464
42 4221472
34 4221480
34 4221488
06 4221496
43 4221504
34 4221512
30 4221520
28 4221528
4f 4221536
05 4221544
4f 4221552
43 4221560
05 4221568
42 4221576
01 4221584
43 4221592
28 4221600
28 4221608
45 4221616
05 4221624
28 4221632
42 4221640
5d 4221648
05 4221656
45 4221664
01 4221672
42 4221680
28 4221688
05 4221696
06 4221704
05 4221712
28 4221720
28 4221728
42 4221736
34 4221744
34 4221752
01 4221760
28 4221768
4f 4221776
06 4221784
28 4221792
42 4221800
02 4221808
43 4221816
06 4221824
28 4221832
43 4221840
06 4221848
34 4221856
01 4221864
28 4221872
28 4221880
05 4221888
28 4221896
06 4221904
28 4221912
43 4221920
34 4221928
01 4221936
28 4221944
28 4221952
43 4221960
42 4221968
34 4221976
04 4221984
09 4221992
28 4222000
28 4222008
34 4222016
05 4222024
28 4222032
51 4222040
34 4222048
28 4222056
4f 4222064
06 4222072
28 4222080
28 4222088
28 4222096
42 4222104
04 4222112
42 4222120
07 4222128
28 4222136
4f 4222144
05 4222152
43 4222160
34 4222168
01 4222176
28 4222184
42 4222192
34 4222200
5b 4222208
05 4222216
28 4222224
51 4222232
34 4222240
28 4222248
34 4222256
06 4222264
28 4222272
4f 4222280
06 4222288
28 4222296
05 4222304
4f 4222312
05 4222320
4f 4222328
43 4222336
06 4222344
28 4222352
28 4222360
43 4222368
43 4222376
30 4222384
04 4222392
08 4222400
28 4222408
51 4222416
34 4222424
01 4222432
28 4222440
28 4222448
43 4222456
43 4222464
34 4222472
34 4222480
01 4222488
28 4222496
43 4222504
34 4222512
30 4222520
06 4222528
28 4222536
28 4222544
42 4222552
34 4222560
34 4222568
28 4222576
4f 4222584
05 4222592
28 4222600
34 4222608
28 4222616
28 4222624
28 4222632
28 4222640
28 4222648
28 4222656
28 4222664
28 4222672
28 4222680
43 4222688
03 4222696
43 4222704
34 4222712
42 4222720
34 4222728
34 4222736
34 4222744
34 4222752
34 4222760
34 4222768
34 4222776
28 4222784
42 4222792
42 4222800
06 4222808
28 4222816
51 4222824
34 4222832
01 4222840
28 4222848
06 4222856
43 4222864
43 4222872
01 4222880
42 4222888
28 4222896
42 4222904
28 4222912
28 4222920
43 4222928
4e 4222936
34 4222944
02 4222952
06 4222960
28 4222968
28 4222976
05 4222984
28 4222992
05 4223000
49 4223008
06 4223016
a1 4223024
4a 4223032
45 4223040
34 4223048
28 4223056
42 4223064
02 4223072
43 4223080
06 4223088
28 4223096
43 4223104
06 4223112
34 4223120
01 4223128
28 4223136
28 4223144
05 4223152
28 4223160
06 4223168
28 4223176
43 4223184
34 4223192
01 4223200
28 4223208
28 4223216
43 4223224
42 4223232
34 4223240
04 4223248
09 4223256
28 4223264
28 4223272
34 4223280
05 4223288
28 4223296
51 4223304
34 4223312
28 4223320
34 4223328
4f 4223336
06 4223344
5d 4223352
06 4223360
28 4223368
28 4223376
42 4223384
42 4223392
04 4223400
42 4223408
06 4223416
28 4223424
51 4223432
34 4223440
01 4223448
0a 4223456
28 4223464
51 4223472
34 4223480
01 4223488
42 4223496
28 4223504
42 4223512
45 4223520
42 4223528
34 4223536
28 4223544
4f 4223552
05 4223560
28 4223568
06 4223576
28 4223584
43 4223592
4f 4223600
06 4223608
22 4223616
42 4223624
01 4223632
42 4223640
34 4223648
28 4223656
4f 4223664
06 4223672
28 4223680
28 4223688
28 4223696
42 4223704
34 4223712
43 4223720
34 4223728
34 4223736
22 4223744
01 4223752
28 4223760
43 4223768
34 4223776
34 4223784
28 4223792
28 4223800
28 4223808
28 4223816
28 4223824
28 4223832
28 4223840
28 4223848
43 4223856
03 4223864
43 4223872
34 4223880
42 4223888
34 4223896
42 4223904
54 4223912
34 4223920
5e 4223928
34 4223936
34 4223944
05 4223952
28 4223960
a2 4223968
51 4223976
06 4223984
28 4223992
28 4224000
28 4224008
a2 4224016
51 4224024
06 4224032
28 4224040
4f 4224048
06 4224056
43 4224064
34 4224072
43 4224080
01 4224088
28 4224096
4f 4224104
06 4224112
4f 4224120
05 4224128
28 4224136
28 4224144
34 4224152
43 4224160
4e 4224168
34 4224176
28 4224184
4f 4224192
06 4224200
28 4224208
a2 4224216
28 4224224
34 4224232
34 4224240
a2 4224248
43 4224256
28 4224264
28 4224272
28 4224280
34 4224288
34 4224296
34 4224304
28 4224312
28 4224320
34 4224328
34 4224336
42 4224344
02 4224352
28 4224360
51 4224368
34 4224376
28 4224384
06 4224392
28 4224400
4f 4224408
06 4224416
28 4224424
06 4224432
43 4224440
34 4224448
28 4224456
28 4224464
5e 4224472
06 4224480
02 4224488
34 4224496
06 4224504
28 4224512
57 4224520
42 4224528
5e 4224536
34 4224544
05 4224552
28 4224560
34 4224568
06 4224576
28 4224584
34 4224592
51 4224600
34 4224608
28 4224616
06 4224624
28 4224632
28 4224640
34 4224648
34 4224656
34 4224664
28 4224672
06 4224680
28 4224688
43 4224696
51 4224704
34 4224712
01 4224720
06 4224728
28 4224736
28 4224744
4f 4224752
05 4224760
28 4224768
28 4224776
42 4224784
5d 4224792
06 4224800
01 4224808
28 4224816
5d 4224824
05 4224832
28 4224840
43 4224848
34 4224856
30 4224864
28 4224872
4f 4224880
05 4224888
4f 4224896
43 4224904
06 4224912
43 4224920
28 4224928
4f 4224936
05 4224944
28 4224952
28 4224960
42 4224968
34 4224976
43 4224984
06 4224992
4f 4225000
28 4225008
42 4225016
04 4225024
28 4225032
4f 4225040
05 4225048
28 4225056
28 4225064
51 4225072
34 4225080
34 4225088
28 4225096
4f 4225104
06 4225112
06 4225120
4f 4225128
01 4225136
42 4225144
28 4225152
28 4225160
28 4225168
28 4225176
28 4225184
43 4225192
03 4225200
43 4225208
34 4225216
42 4225224
34 4225232
34 4225240
34 4225248
34 4225256
05 4225264
28 4225272
a2 4225280
51 4225288
06 4225296
28 4225304
28 4225312
28 4225320
a2 4225328
51 4225336
06 4225344
28 4225352
4f 4225360
06 4225368
43 4225376
34 4225384
43 4225392
01 4225400
28 4225408
4f 4225416
05 4225424
28 4225432
43 4225440
4e 4225448
28 4225456
34 4225464
22 4225472
34 4225480
01 4225488
4f 4225496
06 4225504
28 4225512
a2 4225520
28 4225528
34 4225536
34 4225544
a2 4225552
43 4225560
28 4225568
28 4225576
28 4225584
34 4225592
34 4225600
34 4225608
28 4225616
28 4225624
34 4225632
34 4225640
42 4225648
02 4225656
28 4225664
51 4225672
34 4225680
28 4225688
06 4225696
28 4225704
4f 4225712
06 4225720
28 4225728
06 4225736
43 4225744
34 4225752
28 4225760
28 4225768
5e 4225776
06 4225784
02 4225792
34 4225800
06 4225808
28 4225816
57 4225824
42 4225832
5e 4225840
34 4225848
05 4225856
28 4225864
34 4225872
06 4225880
28 4225888
34 4225896
51 4225904
34 4225912
28 4225920
06 4225928
28 4225936
28 4225944
34 4225952
34 4225960
34 4225968
28 4225976
05 4225984
28 4225992
4f 4226000
05 4226008
28 4226016
05 4226024
a2 4226032
51 4226040
a2 4226048
51 4226056
28 4226064
06 4226072
28 4226080
28 4226088
28 4226096
06 4226104
28 4226112
4f 4226120
05 4226128
28 4226136
4f 4226144
05 4226152
42 4226160
43 4226168
02 4226176
28 4226184
06 4226192
28 4226200
4f 4226208
05 4226216
28 4226224
28 4226232
28 4226240
42 4226248
34 4226256
43 4226264
4e 4226272
34 4226280
28 4226288
28 4226296
28 4226304
28 4226312
45 4226320
42 4226328
5d 4226336
05 4226344
28 4226352
06 4226360
28 4226368
51 4226376
34 4226384
01 4226392
42 4226400
43 4226408
04 4226416
28 4226424
34 4226432
4f 4226440
06 4226448
28 4226456
05 4226464
42 4226472
04 4226480
28 4226488
42 4226496
06 4226504
28 4226512
43 4226520
34 4226528
01 4226536
51 4226544
34 4226552
43 4226560
42 4226568
28 4226576
28 4226584
28 4226592
28 4226600
28 4226608
43 4226616
03 4226624
43 4226632
34 4226640
42 4226648
34 4226656
34 4226664
28 4226672
42 4226680
43 4226688
02 4226696
34 4226704
28 4226712
28 4226720
28 4226728
43 4226736
03 4226744
43 4226752
34 4226760
42 4226768
34 4226776
42 4226784
34 4226792
42 4226800
34 4226808
34 4226816
34 4226824
34 4226832
06 4226840
28 4226848
5d 4226856
01 4226864
20 4226872
06 4226880
42 4226888
01 4226896
28 4226904
28 4226912
05 4226920
28 4226928
05 4226936
5e 4226944
06 4226952
43 4226960
42 4226968
42 4226976
28 4226984
28 4226992
28 4227000
42 4227008
43 4227016
5e 4227024
06 4227032
4f 4227040
05 4227048
28 4227056
05 4227064
28 4227072
05 4227080
5d 4227088
06 4227096
42 4227104
02 4227112
06 4227120
28 4227128
28 4227136
42 4227144
34 4227152
05 4227160
34 4227168
28 4227176
01 4227184
43 4227192
43 4227200
5c 4227208
06 4227216
43 4227224
28 4227232
28 4227240
28 4227248
28 4227256
28 4227264
28 4227272
28 4227280
43 4227288
03 4227296
00 4227304
43 4227312
42 4227320
4f 4227328
05 4227336
20 4227344
05 4227352
43 4227360
4f 4227368
06 4227376
a2 4227384
51 4227392
a2 4227400
51 4227408
28 4227416
43 4227424
45 4227432
4e 4227440
05 4227448
20 4227456
43 4227464
06 4227472
45 4227480
01 4227488
20 4227496
06 4227504
45 4227512
43 4227520
01 4227528
20 4227536
05 4227544
20 4227552
06 4227560
45 4227568
43 4227576
01 4227584
45 4227592
01 4227600
45 4227608
43 4227616
43 4227624
03 4227632
00 4227640
43 4227648
4f 4227656
4f 4227664
05 4227672
22 4227680
05 4227688
05 4227696
43 4227704
4f 4227712
06 4227720
a2 4227728
51 4227736
55 4227744
50 4227752
55 4227760
50 4227768
28 4227776
54 4227784
43 4227792
42 4227800
54 4227808
52 4227816
4e 4227824
06 4227832
52 4227840
42 4227848
54 4227856
52 4227864
4e 4227872
05 4227880
22 4227888
43 4227896
05 4227904
05 4227912
22 4227920
43 4227928
05 4227936
05 4227944
22 4227952
43 4227960
05 4227968
05 4227976
22 4227984
43 4227992
05 4228000
06 4228008
01 4228016
42 4228024
01 4228032
42 4228040
43 4228048
03 4228056
43 4228064
34 4228072
42 4228080
46 4228088
34 4228096
4c 4228104
34 4228112
42 4228120
34 4228128
42 4228136
34 4228144
42 4228152
34 4228160
34 4228168
34 4228176
34 4228184
34 4228192
05 4228200
28 4228208
a2 4228216
51 4228224
06 4228232
28 4228240
28 4228248
28 4228256
a2 4228264
51 4228272
06 4228280
28 4228288
4f 4228296
06 4228304
43 4228312
34 4228320
42 4228328
01 4228336
28 4228344
4f 4228352
06 4228360
05 4228368
05 4228376
4f 4228384
05 4228392
28 4228400
28 4228408
06 4228416
22 4228424
42 4228432
43 4228440
02 4228448
43 4228456
05 4228464
43 4228472
06 4228480
43 4228488
01 4228496
43 4228504
28 4228512
a2 4228520
28 4228528
42 4228536
28 4228544
52 4228552
5e 4228560
02 4228568
43 4228576
06 4228584
28 4228592
43 4228600
06 4228608
28 4228616
34 4228624
06 4228632
05 4228640
28 4228648
28 4228656
06 4228664
28 4228672
06 4228680
42 4228688
01 4228696
28 4228704
42 4228712
42 4228720
04 4228728
42 4228736
07 4228744
28 4228752
42 4228760
43 4228768
05 4228776
42 4228784
34 4228792
34 4228800
01 4228808
28 4228816
51 4228824
34 4228832
01 4228840
42 4228848
28 4228856
28 4228864
28 4228872
28 4228880
45 4228888
45 4228896
4f 4228904
05 4228912
42 4228920
43 4228928
42 4228936
02 4228944
5d 4228952
05 4228960
28 4228968
28 4228976
06 4228984
28 4228992
28 4229000
05 4229008
28 4229016
06 4229024
06 4229032
42 4229040
43 4229048
05 4229056
43 4229064
22 4229072
42 4229080
43 4229088
02 4229096
05 4229104
43 4229112
42 4229120
43 4229128
06 4229136
01 4229144
05 4229152
5d 4229160
06 4229168
05 4229176
43 4229184
42 4229192
5d 4229200
05 4229208
42 4229216
45 4229224
42 4229232
45 4229240
5e 4229248
05 4229256
42 4229264
43 4229272
05 4229280
28 4229288
43 4229296
34 4229304
22 4229312
42 4229320
43 4229328
43 4229336
30 4229344
06 4229352
01 4229360
28 4229368
42 4229376
42 4229384
02 4229392
28 4229400
42 4229408
42 4229416
34 4229424
05 4229432
06 4229440
05 4229448
42 4229456
02 4229464
05 4229472
28 4229480
28 4229488
28 4229496
45 4229504
45 4229512
06 4229520
01 4229528
28 4229536
28 4229544
05 4229552
42 4229560
43 4229568
02 4229576
43 4229584
05 4229592
28 4229600
28 4229608
28 4229616
28 4229624
28 4229632
45 4229640
45 4229648
06 4229656
5d 4229664
06 4229672
06 4229680
01 4229688
49 4229696
06 4229704
a1 4229712
4c 4229720
28 4229728
28 4229736
28 4229744
28 4229752
28 4229760
28 4229768
28 4229776
28 4229784
28 4229792
28 4229800
43 4229808
03 4229816
43 4229824
28 4229832
34 4229840
34 4229848
42 4229856
42 4229864
34 4229872
42 4229880
34 4229888
a2 4229896
43 4229904
34 4229912
34 4229920
34 4229928
34 4229936
05 4229944
a2 4229952
43 4229960
42 4229968
06 4229976
05 4229984
43 4229992
42 4230000
42 4230008
42 4230016
42 4230024
42 4230032
42 4230040
02 4230048
42 4230056
22 4230064
42 4230072
42 4230080
42 4230088
42 4230096
30 4230104
02 4230112
42 4230120
42 4230128
06 4230136
06 4230144
42 4230152
28 4230160
28 4230168
28 4230176
28 4230184
28 4230192
28 4230200
28 4230208
28 4230216
43 4230224
03 4230232
43 4230240
34 4230248
42 4230256
34 4230264
34 4230272
34 4230280
34 4230288
34 4230296
34 4230304
34 4230312
34 4230320
34 4230328
36 4230336
36 4230344
28 4230352
28 4230360
42 4230368
34 4230376
28 4230384
34 4230392
34 4230400
34 4230408
22 4230416
28 4230424
28 4230432
55 4230440
42 4230448
22 4230456
28 4230464
30 4230472
5c 4230480
34 4230488
05 4230496
43 4230504
43 4230512
57 4230520
55 4230528
45 4230536
28 4230544
43 4230552
34 4230560
28 4230568
28 4230576
42 4230584
28 4230592
43 4230600
43 4230608
4e 4230616
43 4230624
34 4230632
2a 4230640
2a 4230648
7b 4230656
02 4230664
05 4230672
43 4230680
01 4230688
7b 4230696
02 4230704
05 4230712
a5 4230720
a5 4230728
43 4230736
43 4230744
93 4230752
34 4230760
0c 4230768
34 4230776
05 4230784
28 4230792
28 4230800
28 4230808
5b 4230816
05 4230824
42 4230832
28 4230840
06 4230848
28 4230856
28 4230864
4f 4230872
05 4230880
43 4230888
28 4230896
28 4230904
43 4230912
4f 4230920
06 4230928
42 4230936
43 4230944
07 4230952
43 4230960
43 4230968
28 4230976
28 4230984
5d 4230992
06 4231000
42 4231008
43 4231016
02 4231024
06 4231032
43 4231040
01 4231048
43 4231056
34 4231064
30 4231072
28 4231080
43 4231088
34 4231096
42 4231104
43 4231112
08 4231120
28 4231128
05 4231136
28 4231144
28 4231152
5d 4231160
06 4231168
42 4231176
43 4231184
01 4231192
43 4231200
34 4231208
43 4231216
01 4231224
28 4231232
28 4231240
4f 4231248
05 4231256
28 4231264
28 4231272
5d 4231280
06 4231288
42 4231296
43 4231304
01 4231312
43 4231320
34 4231328
43 4231336
01 4231344
4f 4231352
05 4231360
28 4231368
28 4231376
5d 4231384
06 4231392
42 4231400
43 4231408
02 4231416
43 4231424
06 4231432
01 4231440
43 4231448
34 4231456
43 4231464
30 4231472
28 4231480
43 4231488
34 4231496
43 4231504
43 4231512
20 4231520
28 4231528
28 4231536
43 4231544
5d 4231552
05 4231560
43 4231568
34 4231576
42 4231584
30 4231592
4f 4231600
01 4231608
42 4231616
4f 4231624
02 4231632
05 4231640
28 4231648
43 4231656
34 4231664
42 4231672
43 4231680
06 4231688
28 4231696
28 4231704
4f 4231712
05 4231720
42 4231728
43 4231736
07 4231744
43 4231752
43 4231760
28 4231768
28 4231776
5d 4231784
06 4231792
42 4231800
43 4231808
02 4231816
06 4231824
01 4231832
43 4231840
34 4231848
30 4231856
28 4231864
43 4231872
34 4231880
42 4231888
43 4231896
08 4231904
01 4231912
43 4231920
43 4231928
43 4231936
43 4231944
36 4231952
36 4231960
02 4231968
28 4231976
42 4231984
43 4231992
06 4232000
43 4232008
01 4232016
28 4232024
06 4232032
22 4232040
55 4232048
59 4232056
43 4232064
06 4232072
43 4232080
34 4232088
22 4232096
43 4232104
55 4232112
59 4232120
06 4232128
a5 4232136
a5 4232144
91 4232152
0c 4232160
28 4232168
05 4232176
7d 4232184
2a 4232192
2a 4232200
93 4232208
0c 4232216
28 4232224
2a 4232232
2a 4232240
5c 4232248
06 4232256
43 4232264
43 4232272
07 4232280
7b 4232288
75 4232296
93 4232304
0c 4232312
43 4232320
08 4232328
08 4232336
43 4232344
30 4232352
28 4232360
43 4232368
34 4232376
43 4232384
06 4232392
28 4232400
06 4232408
43 4232416
30 4232424
28 4232432
22 4232440
28 4232448
55 4232456
42 4232464
24 4232472
43 4232480
43 4232488
06 4232496
28 4232504
4f 4232512
05 4232520
28 4232528
08 4232536
28 4232544
28 4232552
4f 4232560
05 4232568
28 4232576
22 4232584
30 4232592
43 4232600
28 4232608
42 4232616
43 4232624
34 4232632
07 4232640
43 4232648
30 4232656
28 4232664
43 4232672
42 4232680
43 4232688
34 4232696
08 4232704
22 4232712
43 4232720
55 4232728
59 4232736
06 4232744
28 4232752
22 4232760
30 4232768
43 4232776
43 4232784
30 4232792
43 4232800
43 4232808
30 4232816
43 4232824
30 4232832
43 4232840
01 4232848
28 4232856
28 4232864
34 4232872
45 4232880
34 4232888
5c 4232896
06 4232904
42 4232912
42 4232920
43 4232928
43 4232936
0a 4232944
43 4232952
59 4232960
5b 4232968
05 4232976
34 4232984
43 4232992
43 4233000
01 4233008
28 4233016
43 4233024
4f 4233032
06 4233040
42 4233048
07 4233056
42 4233064
43 4233072
42 4233080
43 4233088
0a 4233096
43 4233104
28 4233112
55 4233120
43 4233128
59 4233136
55 4233144
42 4233152
42 4233160
5b 4233168
43 4233176
34 4233184
06 4233192
28 4233200
43 4233208
0a 4233216
43 4233224
59 4233232
42 4233240
34 4233248
01 4233256
42 4233264
43 4233272
0a 4233280
43 4233288
59 4233296
55 4233304
42 4233312
43 4233320
42 4233328
55 4233336
45 4233344
02 4233352
28 4233360
42 4233368
34 4233376
43 4233384
0a 4233392
43 4233400
59 4233408
42 4233416
34 4233424
05 4233432
43 4233440
34 4233448
55 4233456
43 4233464
42 4233472
34 4233480
43 4233488
34 4233496
34 4233504
42 4233512
28 4233520
43 4233528
43 4233536
0a 4233544
43 4233552
59 4233560
5b 4233568
05 4233576
34 4233584
43 4233592
43 4233600
01 4233608
28 4233616
43 4233624
42 4233632
0a 4233640
43 4233648
59 4233656
55 4233664
43 4233672
42 4233680
55 4233688
45 4233696
43 4233704
56 4233712
34 4233720
43 4233728
01 4233736
43 4233744
43 4233752
42 4233760
55 4233768
34 4233776
02 4233784
42 4233792
43 4233800
28 4233808
45 4233816
0a 4233824
43 4233832
59 4233840
5b 4233848
05 4233856
34 4233864
43 4233872
43 4233880
01 4233888
28 4233896
45 4233904
42 4233912
0a 4233920
43 4233928
59 4233936
55 4233944
43 4233952
42 4233960
55 4233968
45 4233976
43 4233984
56 4233992
34 4234000
43 4234008
34 4234016
43 4234024
34 4234032
34 4234040
28 4234048
43 4234056
43 4234064
55 4234072
34 4234080
02 4234088
42 4234096
43 4234104
34 4234112
43 4234120
43 4234128
07 4234136
a2 4234144
34 4234152
43 4234160
34 4234168
06 4234176
43 4234184
43 4234192
43 4234200
02 4234208
06 4234216
43 4234224
28 4234232
42 4234240
43 4234248
02 4234256
42 4234264
34 4234272
05 4234280
28 4234288
43 4234296
55 4234304
34 4234312
43 4234320
42 4234328
34 4234336
43 4234344
28 4234352
42 4234360
43 4234368
02 4234376
42 4234384
34 4234392
05 4234400
28 4234408
43 4234416
55 4234424
34 4234432
43 4234440
42 4234448
34 4234456
43 4234464
28 4234472
42 4234480
43 4234488
02 4234496
42 4234504
34 4234512
05 4234520
28 4234528
43 4234536
55 4234544
34 4234552
43 4234560
42 4234568
34 4234576
43 4234584
28 4234592
43 4234600
43 4234608
02 4234616
05 4234624
28 4234632
28 4234640
43 4234648
42 4234656
43 4234664
34 4234672
5d 4234680
05 4234688
43 4234696
05 4234704
28 4234712
43 4234720
43 4234728
34 4234736
43 4234744
06 4234752
43 4234760
06 4234768
43 4234776
01 4234784
05 4234792
42 4234800
43 4234808
07 4234816
42 4234824
28 4234832
43 4234840
34 4234848
43 4234856
43 4234864
5b 4234872
06 4234880
42 4234888
34 4234896
05 4234904
02 4234912
28 4234920
28 4234928
55 4234936
42 4234944
28 4234952
34 4234960
5e 4234968
45 4234976
01 4234984
43 4234992
43 4235000
02 4235008
0a 4235016
43 4235024
42 4235032
28 4235040
28 4235048
43 4235056
43 4235064
34 4235072
02 4235080
42 4235088
05 4235096
28 4235104
43 4235112
55 4235120
34 4235128
43 4235136
42 4235144
34 4235152
43 4235160
28 4235168
42 4235176
43 4235184
02 4235192
42 4235200
05 4235208
28 4235216
43 4235224
55 4235232
34 4235240
43 4235248
42 4235256
34 4235264
43 4235272
28 4235280
42 4235288
43 4235296
02 4235304
42 4235312
05 4235320
28 4235328
43 4235336
55 4235344
34 4235352
43 4235360
42 4235368
34 4235376
28 4235384
5b 4235392
06 4235400
05 4235408
43 4235416
43 4235424
34 4235432
43 4235440
43 4235448
34 4235456
43 4235464
34 4235472
43 4235480
34 4235488
28 4235496
28 4235504
43 4235512
43 4235520
02 4235528
28 4235536
42 4235544
34 4235552
05 4235560
43 4235568
34 4235576
55 4235584
42 4235592
34 4235600
28 4235608
28 4235616
5b 4235624
05 4235632
42 4235640
43 4235648
05 4235656
42 4235664
28 4235672
43 4235680
42 4235688
02 4235696
42 4235704
05 4235712
28 4235720
55 4235728
42 4235736
28 4235744
42 4235752
45 4235760
43 4235768
42 4235776
34 4235784
43 4235792
5d 4235800
05 4235808
43 4235816
05 4235824
28 4235832
43 4235840
43 4235848
34 4235856
43 4235864
06 4235872
43 4235880
06 4235888
43 4235896
01 4235904
05 4235912
42 4235920
43 4235928
07 4235936
42 4235944
28 4235952
43 4235960
34 4235968
43 4235976
43 4235984
5b 4235992
06 4236000
42 4236008
28 4236016
42 4236024
01 4236032
42 4236040
43 4236048
43 4236056
05 4236064
42 4236072
28 4236080
42 4236088
42 4236096
02 4236104
42 4236112
05 4236120
55 4236128
42 4236136
28 4236144
42 4236152
45 4236160
43 4236168
42 4236176
34 4236184
43 4236192
5d 4236200
05 4236208
43 4236216
05 4236224
28 4236232
43 4236240
43 4236248
34 4236256
43 4236264
06 4236272
43 4236280
06 4236288
43 4236296
01 4236304
05 4236312
42 4236320
43 4236328
07 4236336
28 4236344
43 4236352
34 4236360
43 4236368
43 4236376
5b 4236384
06 4236392
42 4236400
28 4236408
42 4236416
34 4236424
05 4236432
28 4236440
43 4236448
55 4236456
42 4236464
34 4236472
34 4236480
43 4236488
28 4236496
43 4236504
43 4236512
01 4236520
43 4236528
43 4236536
02 4236544
09 4236552
28 4236560
28 4236568
28 4236576
43 4236584
02 4236592
42 4236600
05 4236608
28 4236616
43 4236624
55 4236632
42 4236640
34 4236648
34 4236656
43 4236664
28 4236672
28 4236680
28 4236688
43 4236696
43 4236704
34 4236712
02 4236720
28 4236728
42 4236736
34 4236744
05 4236752
43 4236760
34 4236768
55 4236776
42 4236784
34 4236792
28 4236800
28 4236808
5b 4236816
06 4236824
05 4236832
22 4236840
43 4236848
55 4236856
59 4236864
06 4236872
28 4236880
28 4236888
43 4236896
42 4236904
34 4236912
28 4236920
28 4236928
28 4236936
43 4236944
43 4236952
45 4236960
55 4236968
42 4236976
02 4236984
07 4236992
42 4237000
42 4237008
42 4237016
42 4237024
43 4237032
02 4237040
42 4237048
05 4237056
34 4237064
43 4237072
43 4237080
43 4237088
08 4237096
0a 4237104
42 4237112
42 4237120
42 4237128
43 4237136
02 4237144
05 4237152
42 4237160
28 4237168
43 4237176
42 4237184
43 4237192
34 4237200
5d 4237208
05 4237216
43 4237224
05 4237232
28 4237240
43 4237248
43 4237256
34 4237264
43 4237272
06 4237280
43 4237288
06 4237296
43 4237304
01 4237312
05 4237320
42 4237328
43 4237336
07 4237344
42 4237352
28 4237360
43 4237368
34 4237376
43 4237384
43 4237392
5b 4237400
06 4237408
42 4237416
05 4237424
02 4237432
28 4237440
55 4237448
42 4237456
28 4237464
43 4237472
5e 4237480
45 4237488
09 4237496
28 4237504
5b 4237512
06 4237520
06 4237528
43 4237536
43 4237544
42 4237552
02 4237560
07 4237568
34 4237576
43 4237584
43 4237592
55 4237600
02 4237608
28 4237616
5b 4237624
06 4237632
06 4237640
43 4237648
43 4237656
42 4237664
02 4237672
09 4237680
28 4237688
43 4237696
55 4237704
34 4237712
02 4237720
28 4237728
28 4237736
43 4237744
34 4237752
5b 4237760
05 4237768
42 4237776
43 4237784
43 4237792
05 4237800
42 4237808
28 4237816
42 4237824
42 4237832
02 4237840
42 4237848
05 4237856
55 4237864
42 4237872
28 4237880
42 4237888
45 4237896
43 4237904
42 4237912
34 4237920
43 4237928
5d 4237936
05 4237944
43 4237952
05 4237960
28 4237968
43 4237976
43 4237984
34 4237992
43 4238000
06 4238008
43 4238016
06 4238024
43 4238032
01 4238040
05 4238048
42 4238056
43 4238064
07 4238072
28 4238080
43 4238088
34 4238096
43 4238104
43 4238112
5b 4238120
06 4238128
42 4238136
28 4238144
42 4238152
01 4238160
42 4238168
43 4238176
05 4238184
42 4238192
28 4238200
43 4238208
42 4238216
02 4238224
42 4238232
05 4238240
28 4238248
55 4238256
42 4238264
28 4238272
42 4238280
45 4238288
43 4238296
42 4238304
34 4238312
43 4238320
5d 4238328
05 4238336
43 4238344
05 4238352
28 4238360
43 4238368
43 4238376
34 4238384
43 4238392
06 4238400
43 4238408
06 4238416
43 4238424
01 4238432
05 4238440
42 4238448
43 4238456
07 4238464
42 4238472
28 4238480
43 4238488
34 4238496
43 4238504
43 4238512
5b 4238520
06 4238528
42 4238536
28 4238544
42 4238552
34 4238560
05 4238568
28 4238576
43 4238584
55 4238592
42 4238600
34 4238608
34 4238616
28 4238624
28 4238632
5b 4238640
06 4238648
06 4238656
43 4238664
43 4238672
02 4238680
0a 4238688
43 4238696
43 4238704
28 4238712
28 4238720
43 4238728
43 4238736
34 4238744
02 4238752
28 4238760
42 4238768
43 4238776
34 4238784
34 4238792
05 4238800
43 4238808
34 4238816
55 4238824
42 4238832
34 4238840
28 4238848
55 4238856
42 4238864
28 4238872
51 4238880
5d 4238888
06 4238896
5e 4238904
53 4238912
55 4238920
01 4238928
a2 4238936
51 4238944
43 4238952
5d 4238960
06 4238968
43 4238976
58 4238984
a2 4238992
42 4239000
22 4239008
42 4239016
43 4239024
45 4239032
05 4239040
43 4239048
28 4239056
42 4239064
42 4239072
55 4239080
43 4239088
57 4239096
55 4239104
45 4239112
28 4239120
43 4239128
42 4239136
02 4239144
43 4239152
42 4239160
28 4239168
42 4239176
42 4239184
02 4239192
42 4239200
05 4239208
28 4239216
43 4239224
55 4239232
42 4239240
34 4239248
34 4239256
28 4239264
43 4239272
34 4239280
28 4239288
42 4239296
42 4239304
02 4239312
28 4239320
28 4239328
42 4239336
45 4239344
55 4239352
42 4239360
34 4239368
28 4239376
42 4239384
42 4239392
34 4239400
02 4239408
42 4239416
01 4239424
43 4239432
01 4239440
28 4239448
43 4239456
34 4239464
28 4239472
43 4239480
43 4239488
02 4239496
28 4239504
28 4239512
45 4239520
55 4239528
42 4239536
34 4239544
28 4239552
34 4239560
28 4239568
28 4239576
43 4239584
43 4239592
30 4239600
05 4239608
55 4239616
42 4239624
43 4239632
28 4239640
43 4239648
06 4239656
06 4239664
42 4239672
34 4239680
06 4239688
43 4239696
34 4239704
43 4239712
28 4239720
42 4239728
43 4239736
55 4239744
34 4239752
02 4239760
43 4239768
42 4239776
28 4239784
42 4239792
43 4239800
02 4239808
28 4239816
34 4239824
28 4239832
34 4239840
05 4239848
28 4239856
43 4239864
34 4239872
55 4239880
42 4239888
34 4239896
43 4239904
42 4239912
28 4239920
42 4239928
43 4239936
02 4239944
34 4239952
05 4239960
28 4239968
43 4239976
34 4239984
28 4239992
55 4240000
42 4240008
34 4240016
43 4240024
28 4240032
42 4240040
43 4240048
02 4240056
34 4240064
05 4240072
28 4240080
43 4240088
34 4240096
28 4240104
55 4240112
42 4240120
34 4240128
28 4240136
28 4240144
42 4240152
5b 4240160
06 4240168
06 4240176
42 4240184
42 4240192
02 4240200
0a 4240208
43 4240216
28 4240224
28 4240232
34 4240240
5b 4240248
05 4240256
43 4240264
34 4240272
01 4240280
42 4240288
43 4240296
43 4240304
43 4240312
05 4240320
42 4240328
42 4240336
42 4240344
42 4240352
02 4240360
42 4240368
05 4240376
55 4240384
42 4240392
28 4240400
42 4240408
45 4240416
43 4240424
45 4240432
34 4240440
43 4240448
5d 4240456
05 4240464
43 4240472
05 4240480
28 4240488
43 4240496
43 4240504
34 4240512
43 4240520
06 4240528
43 4240536
06 4240544
43 4240552
01 4240560
05 4240568
42 4240576
43 4240584
07 4240592
28 4240600
43 4240608
34 4240616
43 4240624
43 4240632
5b 4240640
06 4240648
42 4240656
28 4240664
34 4240672
28 4240680
42 4240688
34 4240696
06 4240704
28 4240712
05 4240720
28 4240728
5b 4240736
06 4240744
06 4240752
43 4240760
43 4240768
42 4240776
02 4240784
0a 4240792
01 4240800
28 4240808
5b 4240816
06 4240824
06 4240832
43 4240840
43 4240848
02 4240856
07 4240864
43 4240872
34 4240880
28 4240888
06 4240896
28 4240904
06 4240912
28 4240920
28 4240928
06 4240936
28 4240944
05 4240952
28 4240960
05 4240968
28 4240976
05 4240984
28 4240992
28 4241000
5b 4241008
06 4241016
06 4241024
43 4241032
43 4241040
02 4241048
07 4241056
22 4241064
43 4241072
30 4241080
22 4241088
43 4241096
55 4241104
59 4241112
06 4241120
28 4241128
34 4241136
57 4241144
34 4241152
05 4241160
28 4241168
45 4241176
34 4241184
28 4241192
43 4241200
5c 4241208
06 4241216
55 4241224
28 4241232
42 4241240
55 4241248
5b 4241256
05 4241264
22 4241272
30 4241280
28 4241288
43 4241296
06 4241304
28 4241312
06 4241320
28 4241328
28 4241336
06 4241344
28 4241352
22 4241360
28 4241368
55 4241376
42 4241384
24 4241392
43 4241400
05 4241408
28 4241416
08 4241424
28 4241432
28 4241440
4f 4241448
05 4241456
28 4241464
22 4241472
30 4241480
43 4241488
01 4241496
43 4241504
34 4241512
43 4241520
34 4241528
28 4241536
22 4241544
43 4241552
43 4241560
34 4241568
43 4241576
34 4241584
30 4241592
43 4241600
43 4241608
43 4241616
28 4241624
28 4241632
43 4241640
43 4241648
34 4241656
02 4241664
28 4241672
42 4241680
34 4241688
34 4241696
05 4241704
43 4241712
34 4241720
55 4241728
42 4241736
34 4241744
28 4241752
55 4241760
42 4241768
28 4241776
51 4241784
5d 4241792
06 4241800
5e 4241808
53 4241816
55 4241824
01 4241832
a2 4241840
51 4241848
43 4241856
5d 4241864
06 4241872
43 4241880
58 4241888
a2 4241896
42 4241904
22 4241912
42 4241920
43 4241928
45 4241936
05 4241944
43 4241952
28 4241960
42 4241968
42 4241976
55 4241984
43 4241992
57 4242000
55 4242008
45 4242016
28 4242024
43 4242032
42 4242040
02 4242048
28 4242056
28 4242064
28 4242072
42 4242080
02 4242088
42 4242096
05 4242104
28 4242112
43 4242120
55 4242128
42 4242136
34 4242144
34 4242152
28 4242160
34 4242168
28 4242176
28 4242184
43 4242192
42 4242200
02 4242208
28 4242216
28 4242224
28 4242232
45 4242240
55 4242248
42 4242256
34 4242264
28 4242272
28 4242280
42 4242288
34 4242296
02 4242304
42 4242312
01 4242320
43 4242328
01 4242336
28 4242344
43 4242352
34 4242360
28 4242368
43 4242376
43 4242384
02 4242392
28 4242400
28 4242408
45 4242416
55 4242424
42 4242432
34 4242440
28 4242448
34 4242456
28 4242464
28 4242472
43 4242480
43 4242488
30 4242496
05 4242504
55 4242512
42 4242520
43 4242528
28 4242536
43 4242544
06 4242552
06 4242560
42 4242568
34 4242576
06 4242584
43 4242592
34 4242600
28 4242608
28 4242616
43 4242624
55 4242632
34 4242640
02 4242648
28 4242656
28 4242664
28 4242672
43 4242680
02 4242688
28 4242696
34 4242704
28 4242712
34 4242720
05 4242728
28 4242736
43 4242744
34 4242752
55 4242760
42 4242768
34 4242776
28 4242784
28 4242792
28 4242800
43 4242808
02 4242816
34 4242824
05 4242832
28 4242840
43 4242848
34 4242856
28 4242864
55 4242872
42 4242880
34 4242888
43 4242896
28 4242904
42 4242912
43 4242920
02 4242928
34 4242936
05 4242944
28 4242952
43 4242960
34 4242968
28 4242976
55 4242984
42 4242992
34 4243000
28 4243008
28 4243016
42 4243024
5b 4243032
06 4243040
06 4243048
28 4243056
28 4243064
02 4243072
0a 4243080
43 4243088
28 4243096
28 4243104
34 4243112
5b 4243120
05 4243128
43 4243136
34 4243144
01 4243152
42 4243160
43 4243168
43 4243176
43 4243184
05 4243192
42 4243200
42 4243208
42 4243216
42 4243224
02 4243232
42 4243240
05 4243248
55 4243256
42 4243264
28 4243272
42 4243280
45 4243288
43 4243296
45 4243304
34 4243312
43 4243320
5d 4243328
05 4243336
43 4243344
05 4243352
28 4243360
43 4243368
43 4243376
34 4243384
43 4243392
06 4243400
43 4243408
06 4243416
43 4243424
01 4243432
05 4243440
42 4243448
43 4243456
07 4243464
28 4243472
43 4243480
34 4243488
43 4243496
43 4243504
5b 4243512
06 4243520
42 4243528
28 4243536
34 4243544
28 4243552
42 4243560
34 4243568
06 4243576
28 4243584
05 4243592
28 4243600
5b 4243608
06 4243616
06 4243624
43 4243632
43 4243640
42 4243648
02 4243656
0a 4243664
01 4243672
28 4243680
5b 4243688
06 4243696
06 4243704
43 4243712
43 4243720
02 4243728
07 4243736
43 4243744
34 4243752
28 4243760
06 4243768
28 4243776
06 4243784
28 4243792
28 4243800
06 4243808
28 4243816
05 4243824
28 4243832
05 4243840
28 4243848
05 4243856
28 4243864
28 4243872
5b 4243880
06 4243888
06 4243896
43 4243904
43 4243912
02 4243920
07 4243928
22 4243936
43 4243944
30 4243952
43 4243960
01 4243968
42 4243976
22 4243984
30 4243992
43 4244000
05 4244008
28 4244016
22 4244024
28 4244032
55 4244040
42 4244048
24 4244056
43 4244064
06 4244072
28 4244080
4f 4244088
05 4244096
28 4244104
28 4244112
43 4244120
34 4244128
5b 4244136
06 4244144
43 4244152
30 4244160
28 4244168
28 4244176
43 4244184
43 4244192
34 4244200
5b 4244208
05 4244216
28 4244224
22 4244232
28 4244240
42 4244248
55 4244256
42 4244264
26 4244272
43 4244280
43 4244288
4f 4244296
05 4244304
43 4244312
30 4244320
42 4244328
28 4244336
43 4244344
43 4244352
05 4244360
43 4244368
30 4244376
28 4244384
5c 4244392
05 4244400
43 4244408
30 4244416
43 4244424
a2 4244432
51 4244440
46 4244448
4a 4244456
4c 4244464
28 4244472
57 4244480
42 4244488
59 4244496
59 4244504
45 4244512
48 4244520
06 4244528
a1 4244536
43 4244544
06 4244552
a2 4244560
06 4244568
a1 4244576
4c 4244584
4a 4244592
43 4244600
30 4244608
43 4244616
5c 4244624
34 4244632
05 4244640
01 4244648
28 4244656
0a 4244664
43 4244672
30 4244680
28 4244688
43 4244696
08 4244704
28 4244712
28 4244720
4f 4244728
05 4244736
28 4244744
22 4244752
30 4244760
43 4244768
28 4244776
43 4244784
5c 4244792
05 4244800
43 4244808
30 4244816
28 4244824
43 4244832
43 4244840
5b 4244848
06 4244856
22 4244864
30 4244872
28 4244880
43 4244888
06 4244896
28 4244904
06 4244912
28 4244920
28 4244928
05 4244936
43 4244944
43 4244952
43 4244960
34 4244968
43 4244976
34 4244984
43 4244992
34 4245000
43 4245008
43 4245016
28 4245024
28 4245032
43 4245040
43 4245048
34 4245056
02 4245064
28 4245072
42 4245080
34 4245088
34 4245096
05 4245104
43 4245112
34 4245120
55 4245128
42 4245136
34 4245144
28 4245152
55 4245160
42 4245168
28 4245176
51 4245184
5d 4245192
06 4245200
5e 4245208
53 4245216
55 4245224
01 4245232
a2 4245240
51 4245248
43 4245256
5d 4245264
06 4245272
43 4245280
58 4245288
a2 4245296
42 4245304
22 4245312
42 4245320
43 4245328
45 4245336
05 4245344
43 4245352
28 4245360
42 4245368
42 4245376
55 4245384
43 4245392
57 4245400
55 4245408
45 4245416
28 4245424
43 4245432
42 4245440
02 4245448
42 4245456
28 4245464
42 4245472
42 4245480
02 4245488
42 4245496
05 4245504
28 4245512
43 4245520
55 4245528
42 4245536
34 4245544
34 4245552
28 4245560
43 4245568
34 4245576
28 4245584
42 4245592
42 4245600
02 4245608
28 4245616
28 4245624
42 4245632
45 4245640
55 4245648
42 4245656
34 4245664
28 4245672
42 4245680
42 4245688
34 4245696
02 4245704
42 4245712
01 4245720
43 4245728
01 4245736
28 4245744
43 4245752
34 4245760
28 4245768
43 4245776
43 4245784
02 4245792
28 4245800
28 4245808
45 4245816
55 4245824
42 4245832
34 4245840
28 4245848
34 4245856
28 4245864
28 4245872
43 4245880
43 4245888
30 4245896
05 4245904
55 4245912
42 4245920
43 4245928
28 4245936
43 4245944
06 4245952
06 4245960
42 4245968
34 4245976
06 4245984
43 4245992
34 4246000
28 4246008
28 4246016
43 4246024
55 4246032
34 4246040
02 4246048
28 4246056
28 4246064
28 4246072
43 4246080
02 4246088
28 4246096
34 4246104
28 4246112
34 4246120
05 4246128
28 4246136
43 4246144
34 4246152
55 4246160
42 4246168
34 4246176
28 4246184
28 4246192
28 4246200
43 4246208
02 4246216
34 4246224
05 4246232
28 4246240
43 4246248
34 4246256
28 4246264
55 4246272
42 4246280
34 4246288
43 4246296
28 4246304
42 4246312
43 4246320
02 4246328
34 4246336
05 4246344
28 4246352
43 4246360
34 4246368
28 4246376
55 4246384
42 4246392
34 4246400
28 4246408
28 4246416
42 4246424
5b 4246432
06 4246440
06 4246448
28 4246456
28 4246464
02 4246472
0a 4246480
43 4246488
28 4246496
28 4246504
34 4246512
5b 4246520
05 4246528
43 4246536
34 4246544
01 4246552
42 4246560
43 4246568
43 4246576
43 4246584
05 4246592
42 4246600
42 4246608
42 4246616
42 4246624
02 4246632
42 4246640
05 4246648
55 4246656
42 4246664
28 4246672
42 4246680
45 4246688
43 4246696
45 4246704
34 4246712
43 4246720
5d 4246728
05 4246736
43 4246744
05 4246752
28 4246760
43 4246768
43 4246776
34 4246784
43 4246792
06 4246800
43 4246808
06 4246816
43 4246824
01 4246832
05 4246840
42 4246848
43 4246856
07 4246864
28 4246872
43 4246880
34 4246888
43 4246896
43 4246904
5b 4246912
06 4246920
42 4246928
28 4246936
34 4246944
28 4246952
42 4246960
34 4246968
06 4246976
28 4246984
05 4246992
28 4247000
5b 4247008
06 4247016
06 4247024
43 4247032
43 4247040
42 4247048
02 4247056
0a 4247064
01 4247072
28 4247080
5b 4247088
06 4247096
06 4247104
43 4247112
43 4247120
02 4247128
07 4247136
43 4247144
34 4247152
28 4247160
06 4247168
28 4247176
06 4247184
28 4247192
28 4247200
06 4247208
28 4247216
05 4247224
28 4247232
05 4247240
28 4247248
05 4247256
28 4247264
28 4247272
5b 4247280
06 4247288
06 4247296
43 4247304
43 4247312
02 4247320
07 4247328
22 4247336
43 4247344
30 4247352
43 4247360
01 4247368
42 4247376
28 4247384
43 4247392
06 4247400
28 4247408
22 4247416
30 4247424
43 4247432
22 4247440
30 4247448
43 4247456
05 4247464
28 4247472
07 4247480
43 4247488
30 4247496
28 4247504
43 4247512
43 4247520
34 4247528
08 4247536
22 4247544
43 4247552
55 4247560
59 4247568
05 4247576
28 4247584
08 4247592
28 4247600
28 4247608
4f 4247616
05 4247624
28 4247632
06 4247640
28 4247648
22 4247656
30 4247664
43 4247672
28 4247680
28 4247688
43 4247696
45 4247704
5b 4247712
34 4247720
05 4247728
43 4247736
30 4247744
28 4247752
43 4247760
43 4247768
5b 4247776
34 4247784
06 4247792
28 4247800
06 4247808
28 4247816
28 4247824
4f 4247832
05 4247840
28 4247848
43 4247856
34 4247864
28 4247872
45 4247880
28 4247888
45 4247896
34 4247904
28 4247912
28 4247920
a2 4247928
51 4247936
4e 4247944
a2 4247952
06 4247960
28 4247968
42 4247976
43 4247984
34 4247992
07 4248000
43 4248008
43 4248016
28 4248024
28 4248032
5d 4248040
06 4248048
42 4248056
43 4248064
02 4248072
06 4248080
01 4248088
43 4248096
34 4248104
30 4248112
28 4248120
43 4248128
34 4248136
28 4248144
42 4248152
43 4248160
34 4248168
08 4248176
28 4248184
05 4248192
28 4248200
28 4248208
5d 4248216
06 4248224
42 4248232
43 4248240
01 4248248
43 4248256
34 4248264
43 4248272
01 4248280
28 4248288
28 4248296
4f 4248304
05 4248312
28 4248320
28 4248328
5d 4248336
06 4248344
42 4248352
43 4248360
01 4248368
43 4248376
34 4248384
43 4248392
01 4248400
4f 4248408
05 4248416
28 4248424
28 4248432
5d 4248440
06 4248448
42 4248456
43 4248464
02 4248472
43 4248480
06 4248488
01 4248496
43 4248504
34 4248512
43 4248520
30 4248528
28 4248536
43 4248544
34 4248552
28 4248560
28 4248568
a2 4248576
51 4248584
4e 4248592
a2 4248600
06 4248608
28 4248616
42 4248624
43 4248632
34 4248640
07 4248648
43 4248656
43 4248664
28 4248672
28 4248680
5d 4248688
06 4248696
42 4248704
43 4248712
02 4248720
06 4248728
01 4248736
43 4248744
34 4248752
30 4248760
28 4248768
43 4248776
34 4248784
28 4248792
42 4248800
43 4248808
34 4248816
08 4248824
28 4248832
43 4248840
42 4248848
45 4248856
42 4248864
02 4248872
43 4248880
06 4248888
28 4248896
28 4248904
28 4248912
4f 4248920
42 4248928
34 4248936
05 4248944
28 4248952
42 4248960
43 4248968
34 4248976
07 4248984
43 4248992
43 4249000
28 4249008
28 4249016
5d 4249024
06 4249032
42 4249040
43 4249048
02 4249056
06 4249064
01 4249072
43 4249080
34 4249088
30 4249096
28 4249104
43 4249112
34 4249120
28 4249128
42 4249136
43 4249144
34 4249152
08 4249160
28 4249168
42 4249176
28 4249184
28 4249192
28 4249200
28 4249208
28 4249216
28 4249224
28 4249232
28 4249240
28 4249248
28 4249256
2a 4249264
2a 4249272
43 4249280
03 4249288
34 4249296
34 4249304
34 4249312
43 4249320
43 4249328
34 4249336
02 4249344
28 4249352
43 4249360
03 4249368
43 4249376
34 4249384
42 4249392
34 4249400
34 4249408
34 4249416
34 4249424
34 4249432
06 4249440
28 4249448
42 4249456
05 4249464
a2 4249472
51 4249480
a2 4249488
51 4249496
43 4249504
28 4249512
06 4249520
28 4249528
28 4249536
28 4249544
06 4249552
28 4249560
4f 4249568
05 4249576
42 4249584
02 4249592
06 4249600
51 4249608
28 4249616
06 4249624
5d 4249632
45 4249640
01 4249648
28 4249656
a2 4249664
51 4249672
06 4249680
28 4249688
28 4249696
28 4249704
a2 4249712
51 4249720
06 4249728
28 4249736
4f 4249744
06 4249752
43 4249760
34 4249768
43 4249776
01 4249784
42 4249792
43 4249800
02 4249808
28 4249816
28 4249824
28 4249832
28 4249840
28 4249848
28 4249856
43 4249864
03 4249872
00 4249880
43 4249888
34 4249896
02 4249904
28 4249912
43 4249920
03 4249928
43 4249936
34 4249944
42 4249952
34 4249960
42 4249968
34 4249976
42 4249984
34 4249992
42 4250000
34 4250008
05 4250016
42 4250024
42 4250032
42 4250040
02 4250048
08 4250056
0a 4250064
43 4250072
01 4250080
42 4250088
42 4250096
45 4250104
06 4250112
42 4250120
28 4250128
28 4250136
28 4250144
28 4250152
28 4250160
43 4250168
03 4250176
43 4250184
34 4250192
42 4250200
34 4250208
28 4250216
02 4250224
09 4250232
34 4250240
42 4250248
01 4250256
43 4250264
28 4250272
28 4250280
43 4250288
03 4250296
43 4250304
34 4250312
02 4250320
28 4250328
43 4250336
03 4250344
42 4250352
03 4250360
43 4250368
42 4250376
34 4250384
42 4250392
4f 4250400
43 4250408
34 4250416
06 4250424
43 4250432
01 4250440
53 4250448
4f 4250456
4f 4250464
05 4250472
51 4250480
4f 4250488
05 4250496
51 4250504
4f 4250512
05 4250520
51 4250528
4f 4250536
05 4250544
51 4250552
43 4250560
02 4250568
01 4250576
02 4250584
09 4250592
34 4250600
42 4250608
01 4250616
43 4250624
28 4250632
28 4250640
43 4250648
03 4250656
43 4250664
34 4250672
42 4250680
34 4250688
42 4250696
34 4250704
42 4250712
34 4250720
42 4250728
34 4250736
43 4250744
4f 4250752
43 4250760
34 4250768
06 4250776
43 4250784
01 4250792
53 4250800
4f 4250808
4f 4250816
05 4250824
51 4250832
4f 4250840
05 4250848
51 4250856
4f 4250864
05 4250872
51 4250880
4f 4250888
05 4250896
42 4250904
51 4250912
43 4250920
02 4250928
01 4250936
42 4250944
02 4250952
0a 4250960
43 4250968
01 4250976
34 4250984
42 4250992
05 4251000
28 4251008
43 4251016
5e 4251024
05 4251032
28 4251040
04 4251048
43 4251056
4f 4251064
43 4251072
06 4251080
43 4251088
01 4251096
53 4251104
4f 4251112
4f 4251120
05 4251128
51 4251136
4f 4251144
05 4251152
51 4251160
4f 4251168
05 4251176
51 4251184
4f 4251192
05 4251200
42 4251208
51 4251216
43 4251224
02 4251232
01 4251240
42 4251248
02 4251256
0a 4251264
43 4251272
01 4251280
34 4251288
42 4251296
05 4251304
43 4251312
01 4251320
28 4251328
28 4251336
05 4251344
a2 4251352
43 4251360
06 4251368
02 4251376
0a 4251384
28 4251392
34 4251400
42 4251408
28 4251416
28 4251424
28 4251432
28 4251440
28 4251448
28 4251456
43 4251464
03 4251472
00 4251480
28 4251488
5d 4251496
05 4251504
42 4251512
43 4251520
a0 4251528
06 4251536
34 4251544
42 4251552
03 4251560
01 4251568
00 4251576
43 4251584
34 4251592
42 4251600
34 4251608
34 4251616
28 4251624
28 4251632
06 4251640
28 4251648
4f 4251656
06 4251664
42 4251672
43 4251680
02 4251688
09 4251696
26 4251704
4f 4251712
43 4251720
06 4251728
28 4251736
51 4251744
34 4251752
01 4251760
43 4251768
06 4251776
42 4251784
02 4251792
05 4251800
28 4251808
34 4251816
51 4251824
34 4251832
28 4251840
34 4251848
28 4251856
28 4251864
28 4251872
43 4251880
03 4251888
00 4251896
42 4251904
42 4251912
5e 4251920
06 4251928
57 4251936
22 4251944
22 4251952
43 4251960
43 4251968
4f 4251976
05 4251984
06 4251992
22 4252000
22 4252008
43 4252016
43 4252024
4f 4252032
05 4252040
06 4252048
22 4252056
22 4252064
43 4252072
43 4252080
4f 4252088
05 4252096
06 4252104
22 4252112
22 4252120
43 4252128
43 4252136
4f 4252144
05 4252152
06 4252160
43 4252168
06 4252176
4f 4252184
05 4252192
22 4252200
22 4252208
43 4252216
43 4252224
4f 4252232
05 4252240
05 4252248
45 4252256
01 4252264
43 4252272
06 4252280
4f 4252288
45 4252296
03 4252304
00 4252312
43 4252320
4f 4252328
05 4252336
4f 4252344
05 4252352
22 4252360
05 4252368
43 4252376
43 4252384
06 4252392
42 4252400
a2 4252408
51 4252416
55 4252424
50 4252432
55 4252440
50 4252448
5e 4252456
06 4252464
a2 4252472
51 4252480
43 4252488
28 4252496
43 4252504
43 4252512
52 4252520
42 4252528
54 4252536
52 4252544
4e 4252552
05 4252560
22 4252568
43 4252576
06 4252584
42 4252592
01 4252600
22 4252608
06 4252616
43 4252624
01 4252632
22 4252640
06 4252648
43 4252656
01 4252664
22 4252672
05 4252680
43 4252688
5e 4252696
05 4252704
42 4252712
01 4252720
22 4252728
06 4252736
42 4252744
01 4252752
43 4252760
42 4252768
43 4252776
06 4252784
42 4252792
43 4252800
03 4252808
a3 4252816
a3 4252824
42 4252832
43 4252840
57 4252848
4f 4252856
06 4252864
a2 4252872
51 4252880
4e 4252888
06 4252896
05 4252904
43 4252912
42 4252920
03 4252928
00 4252936
a3 4252944
a3 4252952
a2 4252960
51 4252968
a2 4252976
4e 4252984
06 4252992
06 4253000
43 4253008
0a 4253016
43 4253024
01 4253032
42 4253040
03 4253048
42 4253056
28 4253064
28 4253072
a2 4253080
51 4253088
57 4253096
34 4253104
57 4253112
4f 4253120
43 4253128
4e 4253136
34 4253144
a2 4253152
4e 4253160
34 4253168
34 4253176
06 4253184
28 4253192
06 4253200
05 4253208
43 4253216
34 4253224
28 4253232
06 4253240
43 4253248
01 4253256
a2 4253264
50 4253272
34 4253280
43 4253288
03 4253296
00 4253304
43 4253312
55 4253320
42 4253328
28 4253336
43 4253344
43 4253352
42 4253360
43 4253368
45 4253376
58 4253384
09 4253392
55 4253400
42 4253408
42 4253416
28 4253424
43 4253432
56 4253440
42 4253448
58 4253456
50 4253464
34 4253472
43 4253480
43 4253488
0a 4253496
55 4253504
42 4253512
56 4253520
34 4253528
42 4253536
03 4253544
43 4253552
09 4253560
55 4253568
42 4253576
42 4253584
28 4253592
28 4253600
06 4253608
43 4253616
43 4253624
43 4253632
0a 4253640
42 4253648
01 4253656
43 4253664
5d 4253672
05 4253680
43 4253688
42 4253696
03 4253704
43 4253712
34 4253720
42 4253728
34 4253736
06 4253744
42 4253752
01 4253760
55 4253768
42 4253776
55 4253784
42 4253792
55 4253800
5c 4253808
06 4253816
42 4253824
51 4253832
5d 4253840
06 4253848
5e 4253856
53 4253864
55 4253872
01 4253880
a2 4253888
51 4253896
43 4253904
5d 4253912
06 4253920
43 4253928
58 4253936
a2 4253944
42 4253952
22 4253960
42 4253968
43 4253976
45 4253984
05 4253992
56 4254000
57 4254008
45 4254016
49 4254024
06 4254032
a1 4254040
4c 4254048
4a 4254056
4f 4254064
46 4254072
4c 4254080
55 4254088
5d 4254096
05 4254104
43 4254112
42 4254120
5d 4254128
06 4254136
5d 4254144
05 4254152
43 4254160
42 4254168
45 4254176
49 4254184
06 4254192
a1 4254200
4c 4254208
4a 4254216
46 4254224
4c 4254232
55 4254240
5d 4254248
05 4254256
43 4254264
42 4254272
5d 4254280
06 4254288
5d 4254296
05 4254304
43 4254312
55 4254320
50 4254328
55 4254336
42 4254344
28 4254352
43 4254360
43 4254368
45 4254376
58 4254384
09 4254392
42 4254400
55 4254408
42 4254416
42 4254424
28 4254432
47 4254440
4c 4254448
4a 4254456
42 4254464
47 4254472
4c 4254480
4a 4254488
56 4254496
45 4254504
58 4254512
50 4254520
45 4254528
5d 4254536
45 4254544
05 4254552
45 4254560
5d 4254568
45 4254576
42 4254584
43 4254592
05 4254600
45 4254608
43 4254616
5d 4254624
06 4254632
45 4254640
43 4254648
42 4254656
34 4254664
42 4254672
43 4254680
43 4254688
43 4254696
0a 4254704
47 4254712
4c 4254720
4a 4254728
42 4254736
47 4254744
4c 4254752
4a 4254760
56 4254768
45 4254776
45 4254784
5d 4254792
45 4254800
42 4254808
05 4254816
45 4254824
5d 4254832
45 4254840
42 4254848
43 4254856
05 4254864
45 4254872
43 4254880
5d 4254888
06 4254896
45 4254904
43 4254912
34 4254920
58 4254928
01 4254936
55 4254944
06 4254952
43 4254960
01 4254968
57 4254976
45 4254984
49 4254992
06 4255000
a1 4255008
4c 4255016
4a 4255024
4f 4255032
46 4255040
4c 4255048
55 4255056
5d 4255064
05 4255072
43 4255080
42 4255088
5d 4255096
06 4255104
5d 4255112
05 4255120
43 4255128
42 4255136
45 4255144
49 4255152
06 4255160
a1 4255168
4c 4255176
4a 4255184
46 4255192
4c 4255200
55 4255208
5d 4255216
05 4255224
43 4255232
42 4255240
5d 4255248
06 4255256
5d 4255264
05 4255272
43 4255280
55 4255288
50 4255296
43 4255304
55 4255312
42 4255320
28 4255328
5d 4255336
06 4255344
42 4255352
01 4255360
42 4255368
34 4255376
43 4255384
09 4255392
55 4255400
42 4255408
42 4255416
28 4255424
47 4255432
4c 4255440
4a 4255448
42 4255456
47 4255464
4c 4255472
4a 4255480
45 4255488
45 4255496
5d 4255504
45 4255512
42 4255520
05 4255528
45 4255536
5d 4255544
45 4255552
42 4255560
43 4255568
05 4255576
45 4255584
43 4255592
5d 4255600
06 4255608
45 4255616
43 4255624
42 4255632
34 4255640
43 4255648
43 4255656
43 4255664
0a 4255672
01 4255680
42 4255688
51 4255696
5d 4255704
06 4255712
5e 4255720
53 4255728
55 4255736
01 4255744
a2 4255752
51 4255760
43 4255768
5d 4255776
06 4255784
43 4255792
58 4255800
a2 4255808
42 4255816
22 4255824
42 4255832
43 4255840
45 4255848
05 4255856
55 4255864
42 4255872
28 4255880
56 4255888
43 4255896
45 4255904
58 4255912
09 4255920
57 4255928
4f 4255936
42 4255944
55 4255952
42 4255960
42 4255968
28 4255976
49 4255984
06 4255992
a1 4256000
4c 4256008
4a 4256016
46 4256024
55 4256032
56 4256040
58 4256048
50 4256056
4c 4256064
57 4256072
50 4256080
5d 4256088
05 4256096
43 4256104
42 4256112
5d 4256120
06 4256128
5d 4256136
05 4256144
43 4256152
42 4256160
45 4256168
49 4256176
06 4256184
a1 4256192
4c 4256200
4a 4256208
46 4256216
56 4256224
55 4256232
58 4256240
50 4256248
4c 4256256
4f 4256264
50 4256272
5d 4256280
05 4256288
43 4256296
42 4256304
5d 4256312
06 4256320
5d 4256328
05 4256336
43 4256344
42 4256352
55 4256360
50 4256368
34 4256376
45 4256384
42 4256392
43 4256400
43 4256408
43 4256416
0a 4256424
57 4256432
49 4256440
06 4256448
a1 4256456
4c 4256464
4a 4256472
4f 4256480
46 4256488
55 4256496
56 4256504
4c 4256512
57 4256520
50 4256528
5d 4256536
05 4256544
43 4256552
42 4256560
5d 4256568
06 4256576
5d 4256584
05 4256592
43 4256600
42 4256608
45 4256616
49 4256624
06 4256632
a1 4256640
4c 4256648
4a 4256656
46 4256664
55 4256672
56 4256680
4c 4256688
4f 4256696
50 4256704
5d 4256712
05 4256720
43 4256728
42 4256736
5d 4256744
06 4256752
5d 4256760
05 4256768
43 4256776
42 4256784
55 4256792
50 4256800
34 4256808
45 4256816
58 4256824
01 4256832
43 4256840
55 4256848
42 4256856
28 4256864
5d 4256872
06 4256880
42 4256888
01 4256896
42 4256904
34 4256912
43 4256920
09 4256928
57 4256936
4f 4256944
55 4256952
42 4256960
42 4256968
28 4256976
49 4256984
06 4256992
a1 4257000
4c 4257008
4a 4257016
46 4257024
55 4257032
4c 4257040
57 4257048
50 4257056
5d 4257064
05 4257072
43 4257080
42 4257088
5d 4257096
06 4257104
5d 4257112
05 4257120
43 4257128
42 4257136
45 4257144
49 4257152
06 4257160
a1 4257168
4c 4257176
4a 4257184
46 4257192
55 4257200
4c 4257208
4f 4257216
50 4257224
5d 4257232
05 4257240
43 4257248
42 4257256
5d 4257264
06 4257272
5d 4257280
05 4257288
43 4257296
42 4257304
55 4257312
50 4257320
34 4257328
45 4257336
43 4257344
43 4257352
43 4257360
0a 4257368
42 4257376
28 4257384
28 4257392
43 4257400
03 4257408
00 4257416
a1 4257424
03 4257432
43 4257440
45 4257448
42 4257456
42 4257464
28 4257472
47 4257480
4c 4257488
4a 4257496
42 4257504
5d 4257512
42 4257520
43 4257528
34 4257536
43 4257544
43 4257552
06 4257560
43 4257568
03 4257576
43 4257584
45 4257592
42 4257600
28 4257608
43 4257616
28 4257624
42 4257632
5d 4257640
42 4257648
5d 4257656
42 4257664
34 4257672
43 4257680
43 4257688
43 4257696
06 4257704
42 4257712
43 4257720
03 4257728
00 4257736
43 4257744
34 4257752
28 4257760
34 4257768
42 4257776
34 4257784
42 4257792
34 4257800
42 4257808
34 4257816
42 4257824
43 4257832
34 4257840
34 4257848
34 4257856
34 4257864
34 4257872
34 4257880
05 4257888
5c 4257896
05 4257904
05 4257912
01 4257920
43 4257928
05 4257936
01 4257944
28 4257952
48 4257960
06 4257968
a1 4257976
43 4257984
06 4257992
a2 4258000
06 4258008
a1 4258016
4c 4258024
01 4258032
55 4258040
42 4258048
28 4258056
28 4258064
5d 4258072
06 4258080
43 4258088
34 4258096
45 4258104
43 4258112
09 4258120
57 4258128
4f 4258136
55 4258144
42 4258152
42 4258160
28 4258168
49 4258176
06 4258184
a1 4258192
4c 4258200
4a 4258208
46 4258216
55 4258224
4c 4258232
57 4258240
50 4258248
5d 4258256
05 4258264
43 4258272
42 4258280
5d 4258288
06 4258296
5d 4258304
05 4258312
43 4258320
42 4258328
45 4258336
49 4258344
06 4258352
a1 4258360
4c 4258368
4a 4258376
46 4258384
55 4258392
4c 4258400
4f 4258408
50 4258416
5d 4258424
05 4258432
43 4258440
42 4258448
5d 4258456
06 4258464
5d 4258472
05 4258480
43 4258488
42 4258496
55 4258504
50 4258512
34 4258520
45 4258528
43 4258536
43 4258544
43 4258552
0a 4258560
34 4258568
01 4258576
55 4258584
43 4258592
42 4258600
28 4258608
28 4258616
28 4258624
28 4258632
5d 4258640
06 4258648
5d 4258656
06 4258664
5d 4258672
06 4258680
43 4258688
34 4258696
45 4258704
45 4258712
5d 4258720
45 4258728
42 4258736
45 4258744
43 4258752
09 4258760
5d 4258768
55 4258776
42 4258784
43 4258792
06 4258800
43 4258808
42 4258816
5d 4258824
05 4258832
28 4258840
45 4258848
42 4258856
5d 4258864
42 4258872
42 4258880
34 4258888
01 4258896
45 4258904
45 4258912
01 4258920
57 4258928
49 4258936
06 4258944
a1 4258952
4c 4258960
4a 4258968
4f 4258976
46 4258984
55 4258992
4c 4259000
57 4259008
50 4259016
5d 4259024
05 4259032
43 4259040
42 4259048
5d 4259056
06 4259064
5d 4259072
05 4259080
43 4259088
42 4259096
45 4259104
49 4259112
06 4259120
a1 4259128
4c 4259136
4a 4259144
46 4259152
55 4259160
4c 4259168
4f 4259176
50 4259184
5d 4259192
05 4259200
43 4259208
42 4259216
5d 4259224
06 4259232
5d 4259240
05 4259248
43 4259256
42 4259264
55 4259272
50 4259280
45 4259288
47 4259296
4c 4259304
4a 4259312
28 4259320
5d 4259328
06 4259336
06 4259344
5d 4259352
05 4259360
43 4259368
45 4259376
5d 4259384
45 4259392
42 4259400
42 4259408
5d 4259416
05 4259424
34 4259432
45 4259440
45 4259448
5d 4259456
45 4259464
42 4259472
43 4259480
43 4259488
0a 4259496
34 4259504
34 4259512
01 4259520
55 4259528
42 4259536
55 4259544
42 4259552
28 4259560
28 4259568
28 4259576
5d 4259584
06 4259592
5d 4259600
06 4259608
45 4259616
45 4259624
43 4259632
02 4259640
09 4259648
45 4259656
42 4259664
45 4259672
42 4259680
02 4259688
43 4259696
34 4259704
28 4259712
45 4259720
43 4259728
09 4259736
55 4259744
45 4259752
55 4259760
42 4259768
43 4259776
34 4259784
34 4259792
43 4259800
43 4259808
06 4259816
43 4259824
01 4259832
57 4259840
49 4259848
06 4259856
a1 4259864
4c 4259872
4a 4259880
4f 4259888
46 4259896
26 4259904
4c 4259912
55 4259920
50 4259928
5d 4259936
05 4259944
43 4259952
42 4259960
5d 4259968
06 4259976
5d 4259984
05 4259992
43 4260000
42 4260008
45 4260016
49 4260024
06 4260032
a1 4260040
4c 4260048
4a 4260056
46 4260064
26 4260072
4c 4260080
55 4260088
50 4260096
5d 4260104
05 4260112
43 4260120
42 4260128
5d 4260136
06 4260144
5d 4260152
05 4260160
43 4260168
42 4260176
55 4260184
50 4260192
45 4260200
47 4260208
4c 4260216
4a 4260224
01 4260232
28 4260240
5d 4260248
05 4260256
43 4260264
42 4260272
5d 4260280
06 4260288
5d 4260296
45 4260304
45 4260312
5d 4260320
06 4260328
05 4260336
28 4260344
28 4260352
42 4260360
42 4260368
45 4260376
42 4260384
02 4260392
28 4260400
05 4260408
42 4260416
28 4260424
42 4260432
42 4260440
02 4260448
06 4260456
02 4260464
43 4260472
34 4260480
28 4260488
43 4260496
43 4260504
0a 4260512
28 4260520
28 4260528
28 4260536
28 4260544
28 4260552
28 4260560
28 4260568
28 4260576
28 4260584
28 4260592
28 4260600
43 4260608
03 4260616
28 4260624
43 4260632
43 4260640
43 4260648
45 4260656
5b 4260664
42 4260672
56 4260680
05 4260688
43 4260696
43 4260704
28 4260712
43 4260720
58 4260728
42 4260736
56 4260744
50 4260752
34 4260760
43 4260768
43 4260776
5b 4260784
06 4260792
55 4260800
42 4260808
58 4260816
34 4260824
42 4260832
03 4260840
43 4260848
45 4260856
42 4260864
28 4260872
43 4260880
28 4260888
42 4260896
5d 4260904
45 4260912
5d 4260920
42 4260928
34 4260936
43 4260944
43 4260952
43 4260960
06 4260968
42 4260976
43 4260984
03 4260992
00 4261000
43 4261008
34 4261016
42 4261024
34 4261032
42 4261040
34 4261048
42 4261056
43 4261064
42 4261072
43 4261080
34 4261088
02 4261096
a2 4261104
51 4261112
43 4261120
28 4261128
28 4261136
42 4261144
42 4261152
34 4261160
43 4261168
34 4261176
54 4261184
34 4261192
34 4261200
34 4261208
34 4261216
34 4261224
51 4261232
51 4261240
34 4261248
34 4261256
02 4261264
28 4261272
30 4261280
28 4261288
28 4261296
28 4261304
28 4261312
43 4261320
03 4261328
00 4261336
01 4261344
00 4261352
43 4261360
a0 4261368
06 4261376
00 4261384
03 4261392
00 4261400
01 4261408
00 4261416
43 4261424
a0 4261432
06 4261440
00 4261448
03 4261456
00 4261464
01 4261472
00 4261480
43 4261488
a0 4261496
06 4261504
00 4261512
03 4261520
00 4261528
01 4261536
00 4261544
43 4261552
a0 4261560
06 4261568
00 4261576
03 4261584
00 4261592
01 4261600
00 4261608
43 4261616
a0 4261624
06 4261632
00 4261640
03 4261648
00 4261656
01 4261664
00 4261672
43 4261680
a0 4261688
06 4261696
00 4261704
03 4261712
00 4261720
01 4261728
00 4261736
43 4261744
a0 4261752
06 4261760
00 4261768
03 4261776
00 4261784
43 4261792
a2 4261800
34 4261808
28 4261816
51 4261824
43 4261832
34 4261840
02 4261848
5e 4261856
34 4261864
28 4261872
28 4261880
43 4261888
03 4261896
43 4261904
45 4261912
42 4261920
42 4261928
28 4261936
47 4261944
4c 4261952
4a 4261960
42 4261968
5d 4261976
42 4261984
28 4261992
43 4262000
43 4262008
45 4262016
5d 4262024
42 4262032
34 4262040
43 4262048
06 4262056
42 4262064
43 4262072
03 4262080
00 4262088
01 4262096
00 4262104
43 4262112
a0 4262120
06 4262128
00 4262136
03 4262144
00 4262152
43 4262160
42 4262168
42 4262176
42 4262184
42 4262192
06 4262200
5d 4262208
05 4262216
42 4262224
51 4262232
5d 4262240
06 4262248
5e 4262256
42 4262264
06 4262272
43 4262280
01 4262288
a2 4262296
51 4262304
5d 4262312
43 4262320
06 4262328
43 4262336
58 4262344
a2 4262352
42 4262360
22 4262368
42 4262376
43 4262384
45 4262392
05 4262400
56 4262408
56 4262416
43 4262424
45 4262432
58 4262440
50 4262448
56 4262456
01 4262464
06 4262472
43 4262480
49 4262488
06 4262496
a1 4262504
4c 4262512
42 4262520
51 4262528
5d 4262536
06 4262544
5e 4262552
42 4262560
06 4262568
43 4262576
01 4262584
a2 4262592
51 4262600
5d 4262608
43 4262616
06 4262624
43 4262632
58 4262640
a2 4262648
42 4262656
22 4262664
42 4262672
43 4262680
45 4262688
06 4262696
45 4262704
01 4262712
43 4262720
45 4262728
56 4262736
58 4262744
56 4262752
58 4262760
50 4262768
56 4262776
57 4262784
49 4262792
06 4262800
a1 4262808
4c 4262816
4a 4262824
4f 4262832
46 4262840
4c 4262848
55 4262856
57 4262864
50 4262872
5d 4262880
05 4262888
42 4262896
5d 4262904
06 4262912
5d 4262920
05 4262928
42 4262936
45 4262944
49 4262952
06 4262960
a1 4262968
4c 4262976
4a 4262984
46 4262992
4c 4263000
55 4263008
4f 4263016
50 4263024
5d 4263032
05 4263040
42 4263048
5d 4263056
06 4263064
5d 4263072
05 4263080
42 4263088
45 4263096
57 4263104
49 4263112
06 4263120
a1 4263128
4c 4263136
4a 4263144
4f 4263152
46 4263160
4c 4263168
55 4263176
57 4263184
50 4263192
5d 4263200
05 4263208
42 4263216
5d 4263224
06 4263232
5d 4263240
05 4263248
42 4263256
45 4263264
49 4263272
06 4263280
a1 4263288
4c 4263296
4a 4263304
46 4263312
4c 4263320
55 4263328
4f 4263336
50 4263344
5d 4263352
05 4263360
42 4263368
5d 4263376
06 4263384
5d 4263392
05 4263400
42 4263408
45 4263416
05 4263424
58 4263432
42 4263440
01 4263448
5d 4263456
05 4263464
05 4263472
42 4263480
42 4263488
01 4263496
42 4263504
51 4263512
5d 4263520
06 4263528
5e 4263536
42 4263544
06 4263552
43 4263560
01 4263568
a2 4263576
51 4263584
5d 4263592
43 4263600
06 4263608
43 4263616
58 4263624
a2 4263632
42 4263640
22 4263648
42 4263656
43 4263664
45 4263672
06 4263680
5d 4263688
06 4263696
5d 4263704
06 4263712
45 4263720
45 4263728
5d 4263736
45 4263744
42 4263752
05 4263760
42 4263768
42 4263776
01 4263784
43 4263792
45 4263800
56 4263808
58 4263816
50 4263824
56 4263832
58 4263840
56 4263848
58 4263856
50 4263864
56 4263872
57 4263880
49 4263888
06 4263896
a1 4263904
4c 4263912
4a 4263920
4f 4263928
46 4263936
4c 4263944
57 4263952
55 4263960
50 4263968
5d 4263976
05 4263984
43 4263992
42 4264000
5d 4264008
06 4264016
5d 4264024
05 4264032
43 4264040
42 4264048
45 4264056
49 4264064
06 4264072
a1 4264080
4c 4264088
4a 4264096
46 4264104
4c 4264112
55 4264120
4f 4264128
50 4264136
5d 4264144
05 4264152
43 4264160
42 4264168
5d 4264176
06 4264184
5d 4264192
05 4264200
43 4264208
42 4264216
55 4264224
50 4264232
45 4264240
47 4264248
4c 4264256
4a 4264264
5d 4264272
06 4264280
06 4264288
5d 4264296
05 4264304
45 4264312
45 4264320
5d 4264328
45 4264336
42 4264344
05 4264352
45 4264360
45 4264368
5d 4264376
45 4264384
56 4264392
58 4264400
50 4264408
58 4264416
35 4264424
29 4264432
43 4264440
03 4264448
00 4264456
42 4264464
42 4264472
42 4264480
42 4264488
06 4264496
5d 4264504
05 4264512
42 4264520
51 4264528
5d 4264536
06 4264544
5e 4264552
42 4264560
06 4264568
43 4264576
01 4264584
a2 4264592
51 4264600
5d 4264608
43 4264616
06 4264624
43 4264632
58 4264640
a2 4264648
42 4264656
22 4264664
42 4264672
43 4264680
45 4264688
05 4264696
56 4264704
56 4264712
43 4264720
45 4264728
58 4264736
50 4264744
56 4264752
57 4264760
49 4264768
06 4264776
a1 4264784
4c 4264792
4a 4264800
4f 4264808
46 4264816
4c 4264824
55 4264832
57 4264840
50 4264848
5d 4264856
05 4264864
43 4264872
42 4264880
5d 4264888
06 4264896
5d 4264904
05 4264912
43 4264920
42 4264928
45 4264936
49 4264944
06 4264952
a1 4264960
4c 4264968
4a 4264976
46 4264984
4c 4264992
55 4265000
4f 4265008
50 4265016
5d 4265024
05 4265032
43 4265040
42 4265048
5d 4265056
06 4265064
5d 4265072
05 4265080
43 4265088
55 4265096
50 4265104
01 4265112
06 4265120
43 4265128
49 4265136
06 4265144
a1 4265152
4c 4265160
42 4265168
51 4265176
5d 4265184
06 4265192
5e 4265200
42 4265208
06 4265216
43 4265224
01 4265232
a2 4265240
51 4265248
5d 4265256
43 4265264
06 4265272
43 4265280
58 4265288
a2 4265296
42 4265304
22 4265312
42 4265320
43 4265328
45 4265336
06 4265344
45 4265352
43 4265360
01 4265368
43 4265376
45 4265384
56 4265392
58 4265400
56 4265408
58 4265416
50 4265424
56 4265432
57 4265440
49 4265448
06 4265456
a1 4265464
4c 4265472
4a 4265480
4f 4265488
46 4265496
4c 4265504
57 4265512
55 4265520
50 4265528
5d 4265536
05 4265544
43 4265552
42 4265560
5d 4265568
06 4265576
5d 4265584
05 4265592
43 4265600
42 4265608
45 4265616
49 4265624
06 4265632
a1 4265640
4c 4265648
4a 4265656
46 4265664
4c 4265672
55 4265680
4f 4265688
50 4265696
5d 4265704
05 4265712
43 4265720
42 4265728
5d 4265736
06 4265744
5d 4265752
05 4265760
43 4265768
42 4265776
55 4265784
50 4265792
45 4265800
57 4265808
49 4265816
06 4265824
a1 4265832
4c 4265840
4a 4265848
4f 4265856
46 4265864
4c 4265872
55 4265880
57 4265888
50 4265896
5d 4265904
05 4265912
43 4265920
42 4265928
5d 4265936
06 4265944
5d 4265952
05 4265960
43 4265968
42 4265976
45 4265984
49 4265992
06 4266000
a1 4266008
4c 4266016
4a 4266024
46 4266032
4c 4266040
55 4266048
4f 4266056
50 4266064
5d 4266072
05 4266080
43 4266088
42 4266096
5d 4266104
06 4266112
5d 4266120
05 4266128
43 4266136
55 4266144
50 4266152
01 4266160
5d 4266168
05 4266176
42 4266184
01 4266192
42 4266200
51 4266208
5d 4266216
06 4266224
5e 4266232
42 4266240
06 4266248
43 4266256
01 4266264
a2 4266272
51 4266280
5d 4266288
43 4266296
06 4266304
43 4266312
58 4266320
a2 4266328
42 4266336
22 4266344
42 4266352
43 4266360
45 4266368
06 4266376
5d 4266384
06 4266392
5d 4266400
06 4266408
43 4266416
01 4266424
43 4266432
45 4266440
56 4266448
58 4266456
50 4266464
56 4266472
58 4266480
56 4266488
58 4266496
50 4266504
56 4266512
57 4266520
49 4266528
06 4266536
a1 4266544
4c 4266552
4a 4266560
4f 4266568
46 4266576
4c 4266584
57 4266592
55 4266600
50 4266608
5d 4266616
05 4266624
43 4266632
42 4266640
5d 4266648
06 4266656
5d 4266664
05 4266672
43 4266680
42 4266688
45 4266696
49 4266704
06 4266712
a1 4266720
4c 4266728
4a 4266736
46 4266744
4c 4266752
55 4266760
4f 4266768
50 4266776
5d 4266784
05 4266792
43 4266800
42 4266808
5d 4266816
06 4266824
5d 4266832
05 4266840
43 4266848
42 4266856
55 4266864
50 4266872
45 4266880
47 4266888
4c 4266896
4a 4266904
5d 4266912
06 4266920
06 4266928
5d 4266936
05 4266944
43 4266952
42 4266960
42 4266968
42 4266976
42 4266984
42 4266992
03 4267000
