28 4194624
a2 4194632
43 4194640
43 4194648
43 4194656
55 4194664
42 4194672
42 4194680
34 4194688
43 4194696
42 4194704
42 4194712
42 4194720
02 4194728
34 4194736
42 4194744
42 4194752
42 4194760
02 4194768
42 4194776
02 4194784
00 4194792
43 4194800
a0 4194808
00 4194816
03 4194824
00 4194832
43 4194840
a0 4194848
00 4194856
03 4194864
00 4194872
43 4194880
a0 4194888
00 4194896
03 4194904
00 4194912
43 4194920
a0 4194928
00 4194936
03 4194944
00 4194952
43 4194960
a0 4194968
00 4194976
03 4194984
00 4194992
43 4195000
a0 4195008
00 4195016
03 4195024
00 4195032
43 4195040
a0 4195048
00 4195056
03 4195064
00 4195072
43 4195080
a0 4195088
00 4195096
03 4195104
00 4195112
43 4195120
34 4195128
34 4195136
42 4195144
02 4195152
02 4195160
34 4195168
43 4195176
34 4195184
43 4195192
02 4195200
34 4195208
43 4195216
02 4195224
34 4195232
43 4195240
02 4195248
34 4195256
a2 4195264
43 4195272
28 4195280
02 4195288
34 4195296
28 4195304
5c 4195312
06 4195320
01 4195328
28 4195336
42 4195344
55 4195352
43 4195360
42 4195368
28 4195376
34 4195384
28 4195392
42 4195400
55 4195408
43 4195416
42 4195424
28 4195432
43 4195440
34 4195448
28 4195456
43 4195464
34 4195472
28 4195480
43 4195488
42 4195496
34 4195504
01 4195512
43 4195520
28 4195528
34 4195536
43 4195544
42 4195552
43 4195560
43 4195568
02 4195576
28 4195584
43 4195592
43 4195600
02 4195608
43 4195616
06 4195624
01 4195632
01 4195640
43 4195648
43 4195656
28 4195664
28 4195672
02 4195680
42 4195688
28 4195696
28 4195704
43 4195712
03 4195720
43 4195728
34 4195736
a2 4195744
43 4195752
34 4195760
28 4195768
05 4195776
28 4195784
43 4195792
04 4195800
28 4195808
06 4195816
28 4195824
28 4195832
43 4195840
03 4195848
43 4195856
34 4195864
34 4195872
34 4195880
a2 4195888
43 4195896
28 4195904
43 4195912
06 4195920
28 4195928
42 4195936
05 4195944
a2 4195952
43 4195960
43 4195968
55 4195976
42 4195984
28 4195992
06 4196000
42 4196008
05 4196016
a2 4196024
43 4196032
55 4196040
42 4196048
28 4196056
04 4196064
43 4196072
06 4196080
a2 4196088
43 4196096
02 4196104
28 4196112
28 4196120
28 4196128
43 4196136
03 4196144
28 4196152
43 4196160
34 4196168
06 4196176
43 4196184
34 4196192
02 4196200
28 4196208
43 4196216
03 4196224
00 4196232
43 4196240
34 4196248
02 4196256
28 4196264
43 4196272
03 4196280
43 4196288
34 4196296
28 4196304
34 4196312
42 4196320
34 4196328
34 4196336
34 4196344
34 4196352
34 4196360
05 4196368
43 4196376
43 4196384
28 4196392
42 4196400
43 4196408
05 4196416
55 4196424
42 4196432
55 4196440
43 4196448
42 4196456
28 4196464
05 4196472
05 4196480
05 4196488
01 4196496
28 4196504
28 4196512
42 4196520
04 4196528
01 4196536
28 4196544
04 4196552
43 4196560
42 4196568
43 4196576
06 4196584
28 4196592
06 4196600
02 4196608
42 4196616
02 4196624
28 4196632
28 4196640
28 4196648
28 4196656
28 4196664
28 4196672
28 4196680
43 4196688
03 4196696
43 4196704
28 4196712
43 4196720
43 4196728
34 4196736
34 4196744
34 4196752
04 4196760
42 4196768
4f 4196776
05 4196784
43 4196792
45 4196800
28 4196808
42 4196816
04 4196824
28 4196832
05 4196840
04 4196848
34 4196856
05 4196864
28 4196872
42 4196880
42 4196888
55 4196896
42 4196904
55 4196912
02 4196920
28 4196928
28 4196936
43 4196944
43 4196952
34 4196960
34 4196968
34 4196976
55 4196984
42 4196992
55 4197000
34 4197008
34 4197016
34 4197024
34 4197032
34 4197040
01 4197048
42 4197056
28 4197064
28 4197072
43 4197080
03 4197088
28 4197096
43 4197104
34 4197112
42 4197120
34 4197128
34 4197136
34 4197144
34 4197152
34 4197160
04 4197168
42 4197176
4f 4197184
05 4197192
43 4197200
45 4197208
28 4197216
42 4197224
04 4197232
28 4197240
05 4197248
04 4197256
42 4197264
06 4197272
42 4197280
01 4197288
28 4197296
42 4197304
45 4197312
0a 4197320
43 4197328
28 4197336
59 4197344
43 4197352
5d 4197360
05 4197368
42 4197376
42 4197384
45 4197392
0a 4197400
43 4197408
59 4197416
43 4197424
5d 4197432
05 4197440
55 4197448
01 4197456
55 4197464
42 4197472
28 4197480
55 4197488
42 4197496
04 4197504
42 4197512
4f 4197520
05 4197528
43 4197536
45 4197544
28 4197552
42 4197560
04 4197568
28 4197576
05 4197584
04 4197592
06 4197600
28 4197608
45 4197616
04 4197624
42 4197632
01 4197640
28 4197648
42 4197656
28 4197664
55 4197672
42 4197680
55 4197688
02 4197696
28 4197704
42 4197712
55 4197720
42 4197728
55 4197736
42 4197744
45 4197752
55 4197760
42 4197768
55 4197776
02 4197784
28 4197792
28 4197800
45 4197808
42 4197816
0a 4197824
43 4197832
59 4197840
55 4197848
42 4197856
55 4197864
42 4197872
34 4197880
28 4197888
28 4197896
34 4197904
55 4197912
42 4197920
55 4197928
28 4197936
43 4197944
57 4197952
43 4197960
34 4197968
34 4197976
42 4197984
34 4197992
02 4198000
34 4198008
28 4198016
42 4198024
45 4198032
0a 4198040
43 4198048
59 4198056
43 4198064
34 4198072
42 4198080
28 4198088
28 4198096
28 4198104
28 4198112
28 4198120
28 4198128
43 4198136
03 4198144
28 4198152
43 4198160
34 4198168
42 4198176
34 4198184
34 4198192
34 4198200
34 4198208
34 4198216
05 4198224
04 4198232
01 4198240
28 4198248
06 4198256
02 4198264
05 4198272
5e 4198280
05 4198288
43 4198296
5e 4198304
05 4198312
43 4198320
43 4198328
57 4198336
05 4198344
43 4198352
57 4198360
06 4198368
55 4198376
a2 4198384
42 4198392
28 4198400
05 4198408
42 4198416
28 4198424
28 4198432
34 4198440
28 4198448
05 4198456
28 4198464
34 4198472
28 4198480
45 4198488
0a 4198496
43 4198504
59 4198512
43 4198520
28 4198528
55 4198536
42 4198544
55 4198552
42 4198560
28 4198568
43 4198576
34 4198584
05 4198592
28 4198600
4f 4198608
58 4198616
34 4198624
28 4198632
43 4198640
28 4198648
28 4198656
56 4198664
43 4198672
34 4198680
28 4198688
43 4198696
45 4198704
34 4198712
34 4198720
42 4198728
34 4198736
01 4198744
43 4198752
02 4198760
42 4198768
05 4198776
43 4198784
43 4198792
5a 4198800
5d 4198808
05 4198816
42 4198824
a2 4198832
43 4198840
42 4198848
42 4198856
a2 4198864
42 4198872
28 4198880
56 4198888
42 4198896
34 4198904
34 4198912
34 4198920
28 4198928
05 4198936
34 4198944
43 4198952
5d 4198960
06 4198968
28 4198976
45 4198984
0a 4198992
43 4199000
59 4199008
43 4199016
28 4199024
55 4199032
42 4199040
28 4199048
55 4199056
42 4199064
43 4199072
43 4199080
34 4199088
34 4199096
34 4199104
43 4199112
28 4199120
5a 4199128
42 4199136
28 4199144
43 4199152
56 4199160
34 4199168
43 4199176
45 4199184
43 4199192
42 4199200
34 4199208
34 4199216
01 4199224
28 4199232
28 4199240
43 4199248
55 4199256
42 4199264
55 4199272
42 4199280
28 4199288
57 4199296
42 4199304
5d 4199312
05 4199320
55 4199328
42 4199336
55 4199344
42 4199352
28 4199360
06 4199368
28 4199376
28 4199384
55 4199392
42 4199400
55 4199408
42 4199416
28 4199424
05 4199432
42 4199440
06 4199448
28 4199456
42 4199464
04 4199472
28 4199480
43 4199488
55 4199496
42 4199504
06 4199512
45 4199520
55 4199528
42 4199536
02 4199544
05 4199552
28 4199560
28 4199568
55 4199576
42 4199584
55 4199592
42 4199600
28 4199608
28 4199616
42 4199624
42 4199632
34 4199640
34 4199648
01 4199656
42 4199664
02 4199672
42 4199680
05 4199688
28 4199696
45 4199704
0a 4199712
43 4199720
59 4199728
43 4199736
42 4199744
28 4199752
55 4199760
42 4199768
28 4199776
28 4199784
55 4199792
42 4199800
43 4199808
42 4199816
34 4199824
34 4199832
34 4199840
34 4199848
01 4199856
28 4199864
55 4199872
42 4199880
55 4199888
42 4199896
28 4199904
5d 4199912
06 4199920
43 4199928
28 4199936
28 4199944
55 4199952
42 4199960
55 4199968
42 4199976
28 4199984
55 4199992
42 4200000
5d 4200008
05 4200016
42 4200024
55 4200032
42 4200040
55 4200048
42 4200056
45 4200064
34 4200072
28 4200080
34 4200088
28 4200096
34 4200104
28 4200112
34 4200120
28 4200128
55 4200136
42 4200144
55 4200152
42 4200160
34 4200168
55 4200176
42 4200184
55 4200192
42 4200200
01 4200208
42 4200216
01 4200224
28 4200232
55 4200240
42 4200248
28 4200256
55 4200264
42 4200272
34 4200280
28 4200288
28 4200296
28 4200304
43 4200312
34 4200320
55 4200328
42 4200336
55 4200344
42 4200352
34 4200360
34 4200368
28 4200376
55 4200384
42 4200392
28 4200400
55 4200408
42 4200416
34 4200424
34 4200432
28 4200440
43 4200448
34 4200456
28 4200464
55 4200472
42 4200480
45 4200488
34 4200496
34 4200504
42 4200512
28 4200520
28 4200528
28 4200536
28 4200544
28 4200552
28 4200560
43 4200568
03 4200576
00 4200584
34 4200592
42 4200600
34 4200608
28 4200616
34 4200624
34 4200632
43 4200640
43 4200648
34 4200656
02 4200664
28 4200672
43 4200680
03 4200688
00 4200696
43 4200704
34 4200712
42 4200720
34 4200728
02 4200736
42 4200744
05 4200752
42 4200760
43 4200768
34 4200776
34 4200784
01 4200792
43 4200800
28 4200808
28 4200816
43 4200824
03 4200832
28 4200840
43 4200848
34 4200856
05 4200864
28 4200872
42 4200880
05 4200888
42 4200896
42 4200904
42 4200912
28 4200920
42 4200928
05 4200936
43 4200944
43 4200952
43 4200960
5d 4200968
06 4200976
28 4200984
5e 4200992
06 4201000
28 4201008
06 4201016
43 4201024
02 4201032
42 4201040
05 4201048
28 4201056
43 4201064
43 4201072
34 4201080
34 4201088
34 4201096
01 4201104
43 4201112
42 4201120
01 4201128
43 4201136
34 4201144
55 4201152
42 4201160
55 4201168
43 4201176
42 4201184
01 4201192
42 4201200
28 4201208
43 4201216
03 4201224
43 4201232
34 4201240
42 4201248
34 4201256
05 4201264
28 4201272
05 4201280
43 4201288
02 4201296
06 4201304
28 4201312
01 4201320
43 4201328
34 4201336
28 4201344
28 4201352
43 4201360
03 4201368
43 4201376
34 4201384
42 4201392
02 4201400
28 4201408
43 4201416
03 4201424
00 4201432
01 4201440
00 4201448
43 4201456
a0 4201464
06 4201472
00 4201480
43 4201488
34 4201496
02 4201504
54 4201512
5d 4201520
45 4201528
4e 4201536
28 4201544
43 4201552
03 4201560
42 4201568
5e 4201576
06 4201584
4f 4201592
55 4201600
50 4201608
55 4201616
50 4201624
4f 4201632
05 4201640
30 4201648
43 4201656
43 4201664
4f 4201672
06 4201680
57 4201688
05 4201696
43 4201704
34 4201712
34 4201720
34 4201728
34 4201736
34 4201744
34 4201752
34 4201760
34 4201768
43 4201776
43 4201784
43 4201792
06 4201800
4f 4201808
57 4201816
05 4201824
34 4201832
43 4201840
43 4201848
06 4201856
4f 4201864
05 4201872
30 4201880
43 4201888
43 4201896
06 4201904
42 4201912
03 4201920
00 4201928
43 4201936
34 4201944
42 4201952
34 4201960
42 4201968
34 4201976
42 4201984
34 4201992
42 4202000
5e 4202008
34 4202016
06 4202024
45 4202032
4f 4202040
45 4202048
42 4202056
05 4202064
22 4202072
43 4202080
43 4202088
30 4202096
43 4202104
06 4202112
4f 4202120
06 4202128
42 4202136
42 4202144
57 4202152
02 4202160
01 4202168
42 4202176
42 4202184
57 4202192
02 4202200
43 4202208
4e 4202216
42 4202224
42 4202232
4f 4202240
42 4202248
05 4202256
22 4202264
43 4202272
43 4202280
30 4202288
43 4202296
06 4202304
42 4202312
28 4202320
28 4202328
28 4202336
28 4202344
28 4202352
43 4202360
03 4202368
00 4202376
28 4202384
43 4202392
42 4202400
34 4202408
34 4202416
34 4202424
34 4202432
34 4202440
45 4202448
0a 4202456
43 4202464
59 4202472
43 4202480
28 4202488
55 4202496
42 4202504
55 4202512
42 4202520
28 4202528
06 4202536
28 4202544
28 4202552
28 4202560
28 4202568
28 4202576
43 4202584
34 4202592
28 4202600
55 4202608
45 4202616
34 4202624
55 4202632
42 4202640
34 4202648
5d 4202656
05 4202664
42 4202672
55 4202680
42 4202688
55 4202696
42 4202704
28 4202712
5d 4202720
06 4202728
01 4202736
42 4202744
55 4202752
42 4202760
55 4202768
42 4202776
28 4202784
05 4202792
5d 4202800
06 4202808
55 4202816
42 4202824
55 4202832
42 4202840
28 4202848
28 4202856
55 4202864
42 4202872
55 4202880
42 4202888
28 4202896
42 4202904
06 4202912
55 4202920
42 4202928
55 4202936
42 4202944
28 4202952
42 4202960
42 4202968
34 4202976
01 4202984
55 4202992
42 4203000
55 4203008
42 4203016
28 4203024
34 4203032
28 4203040
34 4203048
28 4203056
34 4203064
34 4203072
28 4203080
43 4203088
55 4203096
42 4203104
55 4203112
42 4203120
34 4203128
34 4203136
28 4203144
55 4203152
42 4203160
55 4203168
42 4203176
28 4203184
28 4203192
42 4203200
06 4203208
55 4203216
42 4203224
55 4203232
42 4203240
28 4203248
28 4203256
42 4203264
34 4203272
55 4203280
42 4203288
55 4203296
42 4203304
28 4203312
28 4203320
43 4203328
55 4203336
42 4203344
55 4203352
42 4203360
34 4203368
34 4203376
34 4203384
28 4203392
42 4203400
28 4203408
5e 4203416
06 4203424
28 4203432
42 4203440
06 4203448
28 4203456
42 4203464
04 4203472
28 4203480
43 4203488
55 4203496
42 4203504
06 4203512
55 4203520
28 4203528
28 4203536
45 4203544
45 4203552
34 4203560
04 4203568
28 4203576
42 4203584
28 4203592
55 4203600
42 4203608
28 4203616
55 4203624
42 4203632
34 4203640
28 4203648
28 4203656
28 4203664
43 4203672
45 4203680
34 4203688
55 4203696
42 4203704
34 4203712
28 4203720
55 4203728
42 4203736
34 4203744
28 4203752
34 4203760
01 4203768
28 4203776
28 4203784
55 4203792
42 4203800
28 4203808
56 4203816
42 4203824
28 4203832
43 4203840
43 4203848
34 4203856
28 4203864
56 4203872
45 4203880
34 4203888
28 4203896
43 4203904
42 4203912
34 4203920
43 4203928
34 4203936
5a 4203944
43 4203952
06 4203960
42 4203968
43 4203976
5d 4203984
05 4203992
28 4204000
43 4204008
5d 4204016
06 4204024
28 4204032
34 4204040
05 4204048
28 4204056
34 4204064
28 4204072
43 4204080
55 4204088
28 4204096
28 4204104
28 4204112
42 4204120
55 4204128
42 4204136
55 4204144
42 4204152
43 4204160
34 4204168
28 4204176
43 4204184
34 4204192
28 4204200
43 4204208
34 4204216
43 4204224
5a 4204232
34 4204240
45 4204248
43 4204256
34 4204264
34 4204272
02 4204280
01 4204288
05 4204296
28 4204304
34 4204312
34 4204320
34 4204328
28 4204336
05 4204344
34 4204352
28 4204360
42 4204368
28 4204376
43 4204384
34 4204392
01 4204400
42 4204408
4f 4204416
58 4204424
34 4204432
55 4204440
34 4204448
a2 4204456
42 4204464
28 4204472
34 4204480
a2 4204488
43 4204496
42 4204504
34 4204512
34 4204520
28 4204528
05 4204536
34 4204544
28 4204552
28 4204560
28 4204568
28 4204576
28 4204584
43 4204592
03 4204600
43 4204608
34 4204616
05 4204624
28 4204632
05 4204640
28 4204648
05 4204656
28 4204664
06 4204672
28 4204680
05 4204688
04 4204696
01 4204704
28 4204712
34 4204720
01 4204728
02 4204736
28 4204744
43 4204752
03 4204760
43 4204768
34 4204776
42 4204784
34 4204792
42 4204800
34 4204808
42 4204816
34 4204824
34 4204832
34 4204840
34 4204848
34 4204856
34 4204864
34 4204872
34 4204880
05 4204888
28 4204896
a2 4204904
51 4204912
06 4204920
28 4204928
28 4204936
28 4204944
a2 4204952
51 4204960
06 4204968
28 4204976
4f 4204984
05 4204992
06 4205000
43 4205008
34 4205016
43 4205024
01 4205032
28 4205040
4f 4205048
06 4205056
42 4205064
43 4205072
02 4205080
43 4205088
05 4205096
28 4205104
5e 4205112
30 4205120
05 4205128
43 4205136
34 4205144
28 4205152
28 4205160
34 4205168
43 4205176
34 4205184
43 4205192
34 4205200
34 4205208
42 4205216
42 4205224
42 4205232
02 4205240
42 4205248
01 4205256
4f 4205264
05 4205272
42 4205280
34 4205288
02 4205296
28 4205304
42 4205312
42 4205320
42 4205328
02 4205336
28 4205344
42 4205352
07 4205360
43 4205368
20 4205376
28 4205384
28 4205392
43 4205400
5d 4205408
05 4205416
43 4205424
34 4205432
42 4205440
30 4205448
4f 4205456
43 4205464
05 4205472
01 4205480
42 4205488
4f 4205496
34 4205504
02 4205512
28 4205520
43 4205528
05 4205536
43 4205544
42 4205552
43 4205560
08 4205568
01 4205576
20 4205584
43 4205592
05 4205600
43 4205608
42 4205616
43 4205624
34 4205632
02 4205640
28 4205648
42 4205656
06 4205664
42 4205672
42 4205680
34 4205688
02 4205696
42 4205704
28 4205712
45 4205720
5c 4205728
06 4205736
42 4205744
43 4205752
42 4205760
42 4205768
34 4205776
02 4205784
28 4205792
42 4205800
06 4205808
42 4205816
01 4205824
5d 4205832
05 4205840
20 4205848
28 4205856
28 4205864
43 4205872
5d 4205880
05 4205888
43 4205896
34 4205904
42 4205912
30 4205920
4f 4205928
43 4205936
05 4205944
01 4205952
42 4205960
4f 4205968
34 4205976
02 4205984
28 4205992
43 4206000
05 4206008
43 4206016
5d 4206024
06 4206032
01 4206040
43 4206048
20 4206056
06 4206064
43 4206072
28 4206080
28 4206088
5d 4206096
06 4206104
42 4206112
43 4206120
34 4206128
02 4206136
28 4206144
43 4206152
06 4206160
43 4206168
01 4206176
43 4206184
34 4206192
43 4206200
30 4206208
43 4206216
01 4206224
42 4206232
42 4206240
43 4206248
43 4206256
43 4206264
43 4206272
43 4206280
a2 4206288
43 4206296
43 4206304
30 4206312
30 4206320
30 4206328
01 4206336
22 4206344
43 4206352
43 4206360
55 4206368
59 4206376
5e 4206384
05 4206392
55 4206400
42 4206408
28 4206416
03 4206424
43 4206432
01 4206440
43 4206448
01 4206456
43 4206464
30 4206472
01 4206480
43 4206488
30 4206496
01 4206504
43 4206512
30 4206520
20 4206528
43 4206536
05 4206544
05 4206552
05 4206560
05 4206568
05 4206576
22 4206584
42 4206592
05 4206600
43 4206608
30 4206616
20 4206624
42 4206632
43 4206640
06 4206648
28 4206656
43 4206664
43 4206672
4e 4206680
28 4206688
43 4206696
34 4206704
0a 4206712
45 4206720
43 4206728
30 4206736
43 4206744
01 4206752
28 4206760
55 4206768
42 4206776
26 4206784
4f 4206792
05 4206800
20 4206808
55 4206816
43 4206824
20 4206832
42 4206840
55 4206848
55 4206856
42 4206864
26 4206872
43 4206880
42 4206888
4f 4206896
06 4206904
20 4206912
43 4206920
43 4206928
06 4206936
43 4206944
20 4206952
43 4206960
06 4206968
28 4206976
43 4206984
43 4206992
4e 4207000
28 4207008
43 4207016
34 4207024
0a 4207032
43 4207040
43 4207048
01 4207056
28 4207064
55 4207072
42 4207080
26 4207088
4f 4207096
05 4207104
42 4207112
05 4207120
42 4207128
20 4207136
55 4207144
42 4207152
26 4207160
4f 4207168
05 4207176
55 4207184
42 4207192
55 4207200
43 4207208
20 4207216
43 4207224
42 4207232
06 4207240
42 4207248
42 4207256
20 4207264
42 4207272
01 4207280
22 4207288
43 4207296
43 4207304
55 4207312
59 4207320
5e 4207328
05 4207336
55 4207344
a2 4207352
42 4207360
28 4207368
03 4207376
43 4207384
01 4207392
42 4207400
06 4207408
43 4207416
01 4207424
42 4207432
42 4207440
01 4207448
43 4207456
20 4207464
43 4207472
05 4207480
43 4207488
05 4207496
43 4207504
05 4207512
43 4207520
05 4207528
22 4207536
28 4207544
43 4207552
30 4207560
05 4207568
55 4207576
59 4207584
42 4207592
28 4207600
01 4207608
42 4207616
06 4207624
22 4207632
43 4207640
55 4207648
59 4207656
5e 4207664
05 4207672
55 4207680
a2 4207688
42 4207696
28 4207704
03 4207712
43 4207720
34 4207728
42 4207736
05 4207744
28 4207752
43 4207760
43 4207768
4e 4207776
28 4207784
28 4207792
43 4207800
01 4207808
42 4207816
05 4207824
28 4207832
43 4207840
43 4207848
4e 4207856
28 4207864
43 4207872
42 4207880
01 4207888
42 4207896
06 4207904
28 4207912
43 4207920
43 4207928
4e 4207936
28 4207944
43 4207952
42 4207960
01 4207968
28 4207976
43 4207984
43 4207992
4e 4208000
26 4208008
43 4208016
55 4208024
59 4208032
59 4208040
34 4208048
57 4208056
30 4208064
42 4208072
42 4208080
05 4208088
45 4208096
45 4208104
5d 4208112
45 4208120
01 4208128
43 4208136
01 4208144
43 4208152
34 4208160
01 4208168
43 4208176
34 4208184
42 4208192
05 4208200
28 4208208
43 4208216
43 4208224
4e 4208232
28 4208240
28 4208248
43 4208256
01 4208264
42 4208272
05 4208280
28 4208288
43 4208296
43 4208304
4e 4208312
28 4208320
01 4208328
42 4208336
06 4208344
28 4208352
43 4208360
43 4208368
4e 4208376
28 4208384
01 4208392
28 4208400
43 4208408
43 4208416
4e 4208424
26 4208432
43 4208440
42 4208448
34 4208456
42 4208464
42 4208472
30 4208480
43 4208488
34 4208496
43 4208504
06 4208512
43 4208520
42 4208528
42 4208536
22 4208544
a2 4208552
43 4208560
43 4208568
34 4208576
55 4208584
59 4208592
53 4208600
06 4208608
a2 4208616
43 4208624
34 4208632
42 4208640
06 4208648
05 4208656
28 4208664
42 4208672
42 4208680
34 4208688
34 4208696
34 4208704
42 4208712
42 4208720
42 4208728
02 4208736
28 4208744
43 4208752
42 4208760
22 4208768
42 4208776
42 4208784
42 4208792
42 4208800
30 4208808
02 4208816
28 4208824
28 4208832
28 4208840
42 4208848
42 4208856
06 4208864
06 4208872
28 4208880
43 4208888
22 4208896
45 4208904
45 4208912
45 4208920
42 4208928
05 4208936
28 4208944
43 4208952
06 4208960
08 4208968
43 4208976
30 4208984
43 4208992
43 4209000
07 4209008
45 4209016
42 4209024
43 4209032
07 4209040
43 4209048
30 4209056
43 4209064
42 4209072
43 4209080
08 4209088
22 4209096
42 4209104
05 4209112
28 4209120
43 4209128
06 4209136
43 4209144
22 4209152
42 4209160
06 4209168
42 4209176
06 4209184
42 4209192
05 4209200
43 4209208
22 4209216
42 4209224
06 4209232
22 4209240
43 4209248
06 4209256
01 4209264
28 4209272
28 4209280
5d 4209288
06 4209296
42 4209304
43 4209312
34 4209320
34 4209328
34 4209336
02 4209344
28 4209352
28 4209360
28 4209368
43 4209376
06 4209384
01 4209392
43 4209400
34 4209408
43 4209416
30 4209424
43 4209432
42 4209440
43 4209448
08 4209456
22 4209464
42 4209472
05 4209480
28 4209488
28 4209496
5d 4209504
06 4209512
42 4209520
43 4209528
01 4209536
43 4209544
34 4209552
43 4209560
30 4209568
01 4209576
42 4209584
05 4209592
28 4209600
28 4209608
5d 4209616
06 4209624
42 4209632
43 4209640
34 4209648
02 4209656
28 4209664
43 4209672
06 4209680
01 4209688
43 4209696
34 4209704
43 4209712
30 4209720
01 4209728
42 4209736
05 4209744
28 4209752
28 4209760
5d 4209768
06 4209776
42 4209784
43 4209792
34 4209800
02 4209808
28 4209816
43 4209824
06 4209832
01 4209840
43 4209848
34 4209856
43 4209864
30 4209872
43 4209880
22 4209888
42 4209896
05 4209904
28 4209912
43 4209920
06 4209928
28 4209936
28 4209944
5d 4209952
06 4209960
42 4209968
43 4209976
34 4209984
02 4209992
28 4210000
43 4210008
06 4210016
01 4210024
43 4210032
34 4210040
43 4210048
30 4210056
43 4210064
22 4210072
55 4210080
28 4210088
28 4210096
59 4210104
5d 4210112
05 4210120
43 4210128
34 4210136
42 4210144
30 4210152
4f 4210160
43 4210168
05 4210176
01 4210184
42 4210192
4f 4210200
34 4210208
02 4210216
28 4210224
43 4210232
05 4210240
43 4210248
22 4210256
42 4210264
06 4210272
22 4210280
43 4210288
42 4210296
06 4210304
42 4210312
43 4210320
07 4210328
43 4210336
28 4210344
28 4210352
5d 4210360
06 4210368
42 4210376
43 4210384
34 4210392
02 4210400
28 4210408
43 4210416
06 4210424
01 4210432
43 4210440
34 4210448
30 4210456
43 4210464
42 4210472
43 4210480
08 4210488
28 4210496
43 4210504
5d 4210512
06 4210520
28 4210528
28 4210536
20 4210544
5d 4210552
05 4210560
43 4210568
34 4210576
42 4210584
30 4210592
4f 4210600
43 4210608
05 4210616
01 4210624
42 4210632
4f 4210640
34 4210648
02 4210656
28 4210664
43 4210672
05 4210680
43 4210688
43 4210696
28 4210704
5d 4210712
05 4210720
22 4210728
42 4210736
05 4210744
42 4210752
43 4210760
07 4210768
28 4210776
28 4210784
5d 4210792
06 4210800
42 4210808
43 4210816
34 4210824
02 4210832
28 4210840
43 4210848
06 4210856
01 4210864
43 4210872
34 4210880
43 4210888
30 4210896
43 4210904
42 4210912
43 4210920
08 4210928
01 4210936
a2 4210944
43 4210952
01 4210960
28 4210968
43 4210976
43 4210984
4e 4210992
28 4211000
22 4211008
43 4211016
42 4211024
59 4211032
34 4211040
42 4211048
06 4211056
43 4211064
07 4211072
28 4211080
28 4211088
5d 4211096
06 4211104
42 4211112
43 4211120
34 4211128
02 4211136
28 4211144
43 4211152
06 4211160
01 4211168
43 4211176
34 4211184
43 4211192
30 4211200
43 4211208
43 4211216
08 4211224
28 4211232
28 4211240
4f 4211248
5d 4211256
05 4211264
43 4211272
34 4211280
42 4211288
30 4211296
4f 4211304
43 4211312
05 4211320
01 4211328
42 4211336
34 4211344
02 4211352
28 4211360
43 4211368
05 4211376
43 4211384
22 4211392
42 4211400
05 4211408
43 4211416
07 4211424
28 4211432
28 4211440
5d 4211448
06 4211456
42 4211464
43 4211472
34 4211480
02 4211488
28 4211496
43 4211504
06 4211512
01 4211520
43 4211528
34 4211536
43 4211544
30 4211552
43 4211560
43 4211568
08 4211576
01 4211584
28 4211592
43 4211600
43 4211608
4e 4211616
28 4211624
43 4211632
34 4211640
06 4211648
43 4211656
05 4211664
5c 4211672
06 4211680
43 4211688
43 4211696
01 4211704
43 4211712
42 4211720
01 4211728
42 4211736
34 4211744
02 4211752
42 4211760
28 4211768
43 4211776
05 4211784
5d 4211792
05 4211800
42 4211808
22 4211816
45 4211824
42 4211832
06 4211840
01 4211848
28 4211856
28 4211864
5d 4211872
06 4211880
42 4211888
43 4211896
34 4211904
02 4211912
28 4211920
43 4211928
06 4211936
01 4211944
43 4211952
34 4211960
43 4211968
30 4211976
43 4211984
42 4211992
43 4212000
08 4212008
5e 4212016
05 4212024
42 4212032
43 4212040
05 4212048
20 4212056
28 4212064
28 4212072
43 4212080
5d 4212088
05 4212096
43 4212104
34 4212112
42 4212120
30 4212128
4f 4212136
43 4212144
05 4212152
01 4212160
42 4212168
4f 4212176
34 4212184
02 4212192
28 4212200
43 4212208
05 4212216
43 4212224
42 4212232
43 4212240
06 4212248
01 4212256
42 4212264
43 4212272
42 4212280
42 4212288
34 4212296
02 4212304
28 4212312
06 4212320
42 4212328
22 4212336
42 4212344
05 4212352
42 4212360
43 4212368
07 4212376
28 4212384
28 4212392
5d 4212400
06 4212408
42 4212416
43 4212424
34 4212432
02 4212440
28 4212448
43 4212456
06 4212464
01 4212472
43 4212480
34 4212488
43 4212496
30 4212504
43 4212512
42 4212520
43 4212528
08 4212536
01 4212544
28 4212552
43 4212560
43 4212568
4e 4212576
28 4212584
43 4212592
34 4212600
05 4212608
43 4212616
43 4212624
34 4212632
43 4212640
42 4212648
42 4212656
30 4212664
30 4212672
01 4212680
22 4212688
43 4212696
42 4212704
06 4212712
01 4212720
28 4212728
28 4212736
5d 4212744
06 4212752
42 4212760
43 4212768
34 4212776
02 4212784
28 4212792
43 4212800
06 4212808
01 4212816
43 4212824
34 4212832
43 4212840
30 4212848
43 4212856
42 4212864
43 4212872
08 4212880
20 4212888
43 4212896
05 4212904
28 4212912
28 4212920
20 4212928
5d 4212936
05 4212944
43 4212952
34 4212960
42 4212968
30 4212976
4f 4212984
43 4212992
05 4213000
01 4213008
42 4213016
4f 4213024
34 4213032
02 4213040
28 4213048
43 4213056
05 4213064
43 4213072
43 4213080
20 4213088
06 4213096
22 4213104
42 4213112
05 4213120
42 4213128
43 4213136
07 4213144
28 4213152
28 4213160
5d 4213168
06 4213176
42 4213184
43 4213192
34 4213200
02 4213208
28 4213216
43 4213224
06 4213232
01 4213240
43 4213248
34 4213256
43 4213264
30 4213272
43 4213280
42 4213288
43 4213296
08 4213304
01 4213312
42 4213320
05 4213328
28 4213336
43 4213344
43 4213352
4e 4213360
28 4213368
42 4213376
42 4213384
43 4213392
34 4213400
34 4213408
34 4213416
01 4213424
42 4213432
06 4213440
42 4213448
06 4213456
28 4213464
43 4213472
43 4213480
4e 4213488
28 4213496
43 4213504
34 4213512
34 4213520
01 4213528
28 4213536
43 4213544
43 4213552
4e 4213560
28 4213568
43 4213576
34 4213584
32 4213592
01 4213600
28 4213608
09 4213616
28 4213624
5b 4213632
05 4213640
43 4213648
42 4213656
a2 4213664
43 4213672
34 4213680
02 4213688
28 4213696
01 4213704
55 4213712
a2 4213720
42 4213728
28 4213736
01 4213744
a2 4213752
43 4213760
22 4213768
22 4213776
42 4213784
43 4213792
30 4213800
28 4213808
43 4213816
43 4213824
34 4213832
34 4213840
34 4213848
22 4213856
4e 4213864
55 4213872
50 4213880
43 4213888
4e 4213896
55 4213904
50 4213912
43 4213920
4e 4213928
55 4213936
50 4213944
43 4213952
4e 4213960
55 4213968
50 4213976
43 4213984
4e 4213992
55 4214000
50 4214008
43 4214016
4e 4214024
55 4214032
50 4214040
43 4214048
4e 4214056
22 4214064
55 4214072
50 4214080
34 4214088
30 4214096
04 4214104
28 4214112
09 4214120
42 4214128
20 4214136
22 4214144
06 4214152
22 4214160
42 4214168
05 4214176
42 4214184
02 4214192
43 4214200
05 4214208
34 4214216
34 4214224
34 4214232
34 4214240
34 4214248
42 4214256
28 4214264
28 4214272
28 4214280
28 4214288
28 4214296
28 4214304
28 4214312
28 4214320
28 4214328
28 4214336
43 4214344
03 4214352
43 4214360
34 4214368
42 4214376
34 4214384
42 4214392
34 4214400
34 4214408
34 4214416
34 4214424
34 4214432
34 4214440
28 4214448
28 4214456
42 4214464
43 4214472
28 4214480
28 4214488
5d 4214496
05 4214504
43 4214512
34 4214520
43 4214528
30 4214536
01 4214544
42 4214552
43 4214560
02 4214568
43 4214576
05 4214584
43 4214592
28 4214600
4f 4214608
05 4214616
28 4214624
28 4214632
5d 4214640
05 4214648
43 4214656
34 4214664
43 4214672
30 4214680
01 4214688
42 4214696
43 4214704
02 4214712
43 4214720
05 4214728
43 4214736
28 4214744
4f 4214752
05 4214760
28 4214768
28 4214776
5d 4214784
05 4214792
43 4214800
34 4214808
43 4214816
30 4214824
01 4214832
42 4214840
43 4214848
02 4214856
43 4214864
06 4214872
01 4214880
4f 4214888
05 4214896
28 4214904
28 4214912
5d 4214920
05 4214928
43 4214936
34 4214944
43 4214952
30 4214960
01 4214968
42 4214976
43 4214984
02 4214992
43 4215000
05 4215008
43 4215016
28 4215024
4f 4215032
05 4215040
28 4215048
28 4215056
5d 4215064
05 4215072
43 4215080
34 4215088
43 4215096
30 4215104
01 4215112
42 4215120
43 4215128
02 4215136
43 4215144
05 4215152
43 4215160
20 4215168
43 4215176
06 4215184
28 4215192
28 4215200
5d 4215208
05 4215216
43 4215224
34 4215232
43 4215240
30 4215248
01 4215256
42 4215264
43 4215272
02 4215280
43 4215288
05 4215296
43 4215304
42 4215312
07 4215320
a2 4215328
51 4215336
46 4215344
4a 4215352
4c 4215360
57 4215368
42 4215376
59 4215384
59 4215392
45 4215400
55 4215408
42 4215416
55 4215424
45 4215432
43 4215440
30 4215448
43 4215456
42 4215464
08 4215472
43 4215480
5d 4215488
06 4215496
43 4215504
28 4215512
28 4215520
20 4215528
5d 4215536
05 4215544
43 4215552
34 4215560
42 4215568
30 4215576
4f 4215584
01 4215592
42 4215600
4f 4215608
02 4215616
05 4215624
43 4215632
43 4215640
5d 4215648
05 4215656
28 4215664
43 4215672
05 4215680
28 4215688
28 4215696
5d 4215704
05 4215712
43 4215720
34 4215728
43 4215736
30 4215744
01 4215752
42 4215760
43 4215768
02 4215776
05 4215784
43 4215792
42 4215800
07 4215808
a2 4215816
51 4215824
46 4215832
4a 4215840
4c 4215848
57 4215856
42 4215864
59 4215872
59 4215880
45 4215888
55 4215896
42 4215904
55 4215912
45 4215920
43 4215928
30 4215936
43 4215944
42 4215952
08 4215960
43 4215968
5d 4215976
06 4215984
43 4215992
28 4216000
28 4216008
20 4216016
5d 4216024
05 4216032
43 4216040
34 4216048
42 4216056
30 4216064
4f 4216072
01 4216080
42 4216088
4f 4216096
02 4216104
05 4216112
43 4216120
43 4216128
5d 4216136
05 4216144
28 4216152
28 4216160
22 4216168
5d 4216176
05 4216184
43 4216192
42 4216200
34 4216208
30 4216216
4f 4216224
43 4216232
05 4216240
01 4216248
42 4216256
02 4216264
43 4216272
06 4216280
43 4216288
01 4216296
43 4216304
28 4216312
28 4216320
28 4216328
28 4216336
28 4216344
28 4216352
28 4216360
28 4216368
43 4216376
03 4216384
00 4216392
43 4216400
34 4216408
4f 4216416
34 4216424
34 4216432
06 4216440
42 4216448
02 4216456
01 4216464
42 4216472
42 4216480
02 4216488
05 4216496
42 4216504
43 4216512
01 4216520
42 4216528
28 4216536
28 4216544
28 4216552
43 4216560
03 4216568
43 4216576
34 4216584
42 4216592
34 4216600
34 4216608
34 4216616
06 4216624
28 4216632
05 4216640
a2 4216648
51 4216656
a2 4216664
51 4216672
28 4216680
06 4216688
28 4216696
28 4216704
28 4216712
06 4216720
42 4216728
02 4216736
28 4216744
06 4216752
42 4216760
01 4216768
28 4216776
a2 4216784
51 4216792
06 4216800
28 4216808
28 4216816
28 4216824
a2 4216832
51 4216840
05 4216848
43 4216856
34 4216864
43 4216872
01 4216880
28 4216888
4f 4216896
05 4216904
42 4216912
43 4216920
02 4216928
43 4216936
06 4216944
43 4216952
01 4216960
28 4216968
05 4216976
28 4216984
4f 4216992
06 4217000
02 4217008
28 4217016
05 4217024
28 4217032
04 4217040
42 4217048
01 4217056
28 4217064
4f 4217072
06 4217080
28 4217088
05 4217096
02 4217104
42 4217112
01 4217120
42 4217128
42 4217136
02 4217144
59 4217152
28 4217160
28 4217168
28 4217176
28 4217184
43 4217192
03 4217200
00 4217208
a2 4217216
34 4217224
43 4217232
03 4217240
43 4217248
34 4217256
34 4217264
06 4217272
28 4217280
01 4217288
28 4217296
42 4217304
02 4217312
42 4217320
43 4217328
09 4217336
42 4217344
28 4217352
28 4217360
43 4217368
03 4217376
00 4217384
4f 4217392
5e 4217400
05 4217408
55 4217416
a2 4217424
42 4217432
28 4217440
03 4217448
28 4217456
43 4217464
43 4217472
43 4217480
01 4217488
28 4217496
43 4217504
43 4217512
43 4217520
01 4217528
28 4217536
43 4217544
43 4217552
43 4217560
01 4217568
28 4217576
43 4217584
43 4217592
43 4217600
01 4217608
28 4217616
43 4217624
43 4217632
43 4217640
01 4217648
28 4217656
43 4217664
43 4217672
43 4217680
01 4217688
28 4217696
43 4217704
01 4217712
28 4217720
43 4217728
43 4217736
28 4217744
34 4217752
28 4217760
34 4217768
28 4217776
34 4217784
28 4217792
34 4217800
28 4217808
34 4217816
28 4217824
34 4217832
28 4217840
34 4217848
28 4217856
43 4217864
43 4217872
34 4217880
43 4217888
06 4217896
34 4217904
03 4217912
4f 4217920
43 4217928
4e 4217936
55 4217944
43 4217952
45 4217960
4f 4217968
43 4217976
05 4217984
05 4217992
43 4218000
05 4218008
43 4218016
05 4218024
01 4218032
28 4218040
28 4218048
43 4218056
43 4218064
43 4218072
01 4218080
28 4218088
28 4218096
43 4218104
43 4218112
01 4218120
28 4218128
28 4218136
43 4218144
43 4218152
01 4218160
28 4218168
28 4218176
43 4218184
43 4218192
28 4218200
58 4218208
56 4218216
50 4218224
34 4218232
28 4218240
58 4218248
56 4218256
50 4218264
34 4218272
28 4218280
58 4218288
56 4218296
50 4218304
34 4218312
28 4218320
43 4218328
58 4218336
56 4218344
50 4218352
43 4218360
34 4218368
43 4218376
06 4218384
58 4218392
56 4218400
50 4218408
34 4218416
03 4218424
4f 4218432
5e 4218440
05 4218448
55 4218456
a2 4218464
42 4218472
28 4218480
03 4218488
43 4218496
28 4218504
43 4218512
43 4218520
01 4218528
43 4218536
28 4218544
43 4218552
43 4218560
01 4218568
43 4218576
28 4218584
43 4218592
43 4218600
01 4218608
43 4218616
28 4218624
43 4218632
43 4218640
01 4218648
43 4218656
28 4218664
43 4218672
43 4218680
01 4218688
43 4218696
28 4218704
43 4218712
43 4218720
01 4218728
43 4218736
28 4218744
43 4218752
01 4218760
43 4218768
43 4218776
28 4218784
43 4218792
28 4218800
34 4218808
28 4218816
34 4218824
28 4218832
34 4218840
28 4218848
34 4218856
28 4218864
34 4218872
28 4218880
34 4218888
28 4218896
34 4218904
28 4218912
43 4218920
43 4218928
34 4218936
43 4218944
06 4218952
34 4218960
03 4218968
4f 4218976
43 4218984
4e 4218992
43 4219000
55 4219008
43 4219016
45 4219024
4f 4219032
43 4219040
05 4219048
05 4219056
43 4219064
05 4219072
43 4219080
05 4219088
01 4219096
43 4219104
28 4219112
28 4219120
43 4219128
43 4219136
01 4219144
43 4219152
28 4219160
28 4219168
43 4219176
43 4219184
01 4219192
43 4219200
28 4219208
28 4219216
43 4219224
01 4219232
43 4219240
43 4219248
28 4219256
28 4219264
43 4219272
28 4219280
58 4219288
56 4219296
50 4219304
34 4219312
28 4219320
58 4219328
56 4219336
50 4219344
34 4219352
28 4219360
58 4219368
56 4219376
50 4219384
34 4219392
28 4219400
43 4219408
58 4219416
56 4219424
50 4219432
43 4219440
34 4219448
43 4219456
06 4219464
58 4219472
56 4219480
50 4219488
34 4219496
03 4219504
00 4219512
42 4219520
5e 4219528
05 4219536
42 4219544
a2 4219552
43 4219560
55 4219568
a2 4219576
42 4219584
34 4219592
42 4219600
34 4219608
34 4219616
01 4219624
43 4219632
34 4219640
43 4219648
03 4219656
43 4219664
34 4219672
42 4219680
34 4219688
28 4219696
4f 4219704
06 4219712
28 4219720
a2 4219728
28 4219736
34 4219744
34 4219752
a2 4219760
43 4219768
28 4219776
28 4219784
28 4219792
34 4219800
34 4219808
34 4219816
28 4219824
28 4219832
34 4219840
34 4219848
42 4219856
02 4219864
28 4219872
51 4219880
34 4219888
28 4219896
28 4219904
43 4219912
03 4219920
43 4219928
34 4219936
42 4219944
34 4219952
34 4219960
28 4219968
4f 4219976
06 4219984
28 4219992
a2 4220000
28 4220008
34 4220016
34 4220024
a2 4220032
43 4220040
28 4220048
28 4220056
28 4220064
34 4220072
34 4220080
34 4220088
28 4220096
28 4220104
34 4220112
34 4220120
42 4220128
02 4220136
28 4220144
51 4220152
34 4220160
28 4220168
06 4220176
28 4220184
4f 4220192
06 4220200
28 4220208
06 4220216
43 4220224
34 4220232
28 4220240
28 4220248
5e 4220256
06 4220264
02 4220272
34 4220280
06 4220288
28 4220296
57 4220304
42 4220312
5e 4220320
34 4220328
05 4220336
28 4220344
34 4220352
06 4220360
28 4220368
34 4220376
51 4220384
34 4220392
28 4220400
06 4220408
28 4220416
28 4220424
34 4220432
34 4220440
34 4220448
28 4220456
43 4220464
06 4220472
28 4220480
06 4220488
43 4220496
34 4220504
43 4220512
01 4220520
28 4220528
34 4220536
28 4220544
43 4220552
43 4220560
04 4220568
0a 4220576
28 4220584
43 4220592
06 4220600
34 4220608
01 4220616
28 4220624
34 4220632
28 4220640
43 4220648
06 4220656
28 4220664
34 4220672
42 4220680
28 4220688
28 4220696
28 4220704
43 4220712
03 4220720
43 4220728
34 4220736
42 4220744
34 4220752
42 4220760
54 4220768
34 4220776
5e 4220784
34 4220792
34 4220800
34 4220808
34 4220816
34 4220824
34 4220832
28 4220840
28 4220848
42 4220856
43 4220864
06 4220872
42 4220880
28 4220888
28 4220896
28 4220904
45 4220912
42 4220920
34 4220928
4f 4220936
05 4220944
28 4220952
05 4220960
4f 4220968
06 4220976
28 4220984
28 4220992
42 4221000
05 4221008
42 4221016
02 4221024
05 4221032
28 4221040
28 4221048
49 4221056
06 4221064
a1 4221072
4a 4221080
06 4221088
43 4221096
34 4221104
06 4221112
28 4221120
28 4221128
49 4221136
06 4221144
a1 4221152
4a 4221160
28 4221168
42 4221176
45 4221184
34 4221192
04 4221200
43 4221208
06 4221216
28 4221224
4f 4221232
06 4221240
28 4221248
43 4221256
28 4221264
28 4221272
4e 4221280
43 4221288
4e 4221296
45 4221304
5d 4221312
34 4221320
05 4221328
28 4221336
42 4221344
34 4221352
01 4221360
42 4221368
43 4221376
28 4221384
05 4221392
28 4221400
28 4221408
42 4221416
42 4221424
34 4221432
34 4221440
06 4221448
43 4221456
34 4221464
30 4221472
28 4221480
4f 4221488
05 4221496
4f 4221504
43 4221512
05 4221520
42 4221528
01 4221536
43 4221544
28 4221552
28 4221560
45 4221568
05 4221576
28 4221584
42 4221592
5d 4221600
05 4221608
45 4221616
01 4221624
42 4221632
28 4221640
05 4221648
06 4221656
05 4221664
28 4221672
28 4221680
42 4221688
34 4221696
34 4221704
01 4221712
28 4221720
4f 4221728
06 4221736
28 4221744
42 4221752
02 4221760
43 4221768
06 4221776
28 4221784
43 4221792
06 4221800
34 4221808
01 4221816
28 4221824
28 4221832
05 4221840
28 4221848
06 4221856
28 4221864
43 4221872
34 4221880
01 4221888
28 4221896
28 4221904
43 4221912
42 4221920
34 4221928
04 4221936
09 4221944
28 4221952
28 4221960
34 4221968
05 4221976
28 4221984
51 4221992
34 4222000
28 4222008
4f 4222016
06 4222024
28 4222032
28 4222040
28 4222048
42 4222056
04 4222064
42 4222072
07 4222080
28 4222088
4f 4222096
05 4222104
43 4222112
34 4222120
01 4222128
28 4222136
42 4222144
34 4222152
5b 4222160
05 4222168
28 4222176
51 4222184
34 4222192
28 4222200
34 4222208
06 4222216
28 4222224
4f 4222232
06 4222240
28 4222248
05 4222256
4f 4222264
05 4222272
4f 4222280
43 4222288
06 4222296
28 4222304
28 4222312
43 4222320
43 4222328
30 4222336
04 4222344
08 4222352
28 4222360
51 4222368
34 4222376
01 4222384
28 4222392
28 4222400
43 4222408
43 4222416
34 4222424
34 4222432
01 4222440
28 4222448
43 4222456
34 4222464
30 4222472
06 4222480
28 4222488
28 4222496
42 4222504
34 4222512
34 4222520
28 4222528
4f 4222536
05 4222544
28 4222552
34 4222560
28 4222568
28 4222576
28 4222584
28 4222592
28 4222600
28 4222608
28 4222616
28 4222624
28 4222632
43 4222640
03 4222648
43 4222656
34 4222664
42 4222672
34 4222680
34 4222688
34 4222696
34 4222704
34 4222712
34 4222720
34 4222728
28 4222736
42 4222744
42 4222752
06 4222760
28 4222768
51 4222776
34 4222784
01 4222792
28 4222800
06 4222808
43 4222816
43 4222824
01 4222832
42 4222840
28 4222848
42 4222856
28 4222864
28 4222872
43 4222880
4e 4222888
34 4222896
02 4222904
06 4222912
28 4222920
28 4222928
05 4222936
28 4222944
05 4222952
49 4222960
06 4222968
a1 4222976
4a 4222984
45 4222992
34 4223000
28 4223008
42 4223016
02 4223024
43 4223032
06 4223040
28 4223048
43 4223056
06 4223064
34 4223072
01 4223080
28 4223088
28 4223096
05 4223104
28 4223112
06 4223120
28 4223128
43 4223136
34 4223144
01 4223152
28 4223160
28 4223168
43 4223176
42 4223184
34 4223192
04 4223200
09 4223208
28 4223216
28 4223224
34 4223232
05 4223240
28 4223248
51 4223256
34 4223264
28 4223272
34 4223280
4f 4223288
06 4223296
5d 4223304
06 4223312
28 4223320
28 4223328
42 4223336
42 4223344
04 4223352
42 4223360
06 4223368
28 4223376
51 4223384
34 4223392
01 4223400
0a 4223408
28 4223416
51 4223424
34 4223432
01 4223440
42 4223448
28 4223456
42 4223464
45 4223472
42 4223480
34 4223488
28 4223496
4f 4223504
05 4223512
28 4223520
06 4223528
28 4223536
43 4223544
4f 4223552
06 4223560
22 4223568
42 4223576
01 4223584
42 4223592
34 4223600
28 4223608
4f 4223616
06 4223624
28 4223632
28 4223640
28 4223648
42 4223656
34 4223664
43 4223672
34 4223680
34 4223688
22 4223696
01 4223704
28 4223712
43 4223720
34 4223728
34 4223736
28 4223744
28 4223752
28 4223760
28 4223768
28 4223776
28 4223784
28 4223792
28 4223800
43 4223808
03 4223816
43 4223824
34 4223832
42 4223840
34 4223848
42 4223856
54 4223864
34 4223872
5e 4223880
34 4223888
34 4223896
05 4223904
28 4223912
a2 4223920
51 4223928
06 4223936
28 4223944
28 4223952
28 4223960
a2 4223968
51 4223976
06 4223984
28 4223992
4f 4224000
06 4224008
43 4224016
34 4224024
43 4224032
01 4224040
28 4224048
4f 4224056
06 4224064
4f 4224072
05 4224080
28 4224088
28 4224096
34 4224104
43 4224112
4e 4224120
34 4224128
28 4224136
4f 4224144
06 4224152
28 4224160
a2 4224168
28 4224176
34 4224184
34 4224192
a2 4224200
43 4224208
28 4224216
28 4224224
28 4224232
34 4224240
34 4224248
34 4224256
28 4224264
28 4224272
34 4224280
34 4224288
42 4224296
02 4224304
28 4224312
51 4224320
34 4224328
28 4224336
06 4224344
28 4224352
4f 4224360
06 4224368
28 4224376
06 4224384
43 4224392
34 4224400
28 4224408
28 4224416
5e 4224424
06 4224432
02 4224440
34 4224448
06 4224456
28 4224464
57 4224472
42 4224480
5e 4224488
34 4224496
05 4224504
28 4224512
34 4224520
06 4224528
28 4224536
34 4224544
51 4224552
34 4224560
28 4224568
06 4224576
28 4224584
28 4224592
34 4224600
34 4224608
34 4224616
28 4224624
06 4224632
28 4224640
43 4224648
51 4224656
34 4224664
01 4224672
06 4224680
28 4224688
28 4224696
4f 4224704
05 4224712
28 4224720
28 4224728
42 4224736
5d 4224744
06 4224752
01 4224760
28 4224768
5d 4224776
05 4224784
28 4224792
43 4224800
34 4224808
30 4224816
28 4224824
4f 4224832
05 4224840
4f 4224848
43 4224856
06 4224864
43 4224872
28 4224880
4f 4224888
05 4224896
28 4224904
28 4224912
42 4224920
34 4224928
43 4224936
06 4224944
4f 4224952
28 4224960
42 4224968
04 4224976
28 4224984
4f 4224992
05 4225000
28 4225008
28 4225016
51 4225024
34 4225032
34 4225040
28 4225048
4f 4225056
06 4225064
06 4225072
4f 4225080
01 4225088
42 4225096
28 4225104
28 4225112
28 4225120
28 4225128
28 4225136
43 4225144
03 4225152
43 4225160
34 4225168
42 4225176
34 4225184
34 4225192
34 4225200
34 4225208
05 4225216
28 4225224
a2 4225232
51 4225240
06 4225248
28 4225256
28 4225264
28 4225272
a2 4225280
51 4225288
06 4225296
28 4225304
4f 4225312
06 4225320
43 4225328
34 4225336
43 4225344
01 4225352
28 4225360
4f 4225368
05 4225376
28 4225384
43 4225392
4e 4225400
28 4225408
34 4225416
22 4225424
34 4225432
01 4225440
4f 4225448
06 4225456
28 4225464
a2 4225472
28 4225480
34 4225488
34 4225496
a2 4225504
43 4225512
28 4225520
28 4225528
28 4225536
34 4225544
34 4225552
34 4225560
28 4225568
28 4225576
34 4225584
34 4225592
42 4225600
02 4225608
28 4225616
51 4225624
34 4225632
28 4225640
06 4225648
28 4225656
4f 4225664
06 4225672
28 4225680
06 4225688
43 4225696
34 4225704
28 4225712
28 4225720
5e 4225728
06 4225736
02 4225744
34 4225752
06 4225760
28 4225768
57 4225776
42 4225784
5e 4225792
34 4225800
05 4225808
28 4225816
34 4225824
06 4225832
28 4225840
34 4225848
51 4225856
34 4225864
28 4225872
06 4225880
28 4225888
28 4225896
34 4225904
34 4225912
34 4225920
28 4225928
05 4225936
28 4225944
4f 4225952
05 4225960
28 4225968
05 4225976
a2 4225984
51 4225992
a2 4226000
51 4226008
28 4226016
06 4226024
28 4226032
28 4226040
28 4226048
06 4226056
28 4226064
4f 4226072
05 4226080
28 4226088
4f 4226096
05 4226104
42 4226112
43 4226120
02 4226128
28 4226136
06 4226144
28 4226152
4f 4226160
05 4226168
28 4226176
28 4226184
28 4226192
42 4226200
34 4226208
43 4226216
4e 4226224
34 4226232
28 4226240
28 4226248
28 4226256
28 4226264
45 4226272
42 4226280
5d 4226288
05 4226296
28 4226304
06 4226312
28 4226320
51 4226328
34 4226336
01 4226344
42 4226352
43 4226360
04 4226368
28 4226376
34 4226384
4f 4226392
06 4226400
28 4226408
05 4226416
42 4226424
04 4226432
28 4226440
42 4226448
06 4226456
28 4226464
43 4226472
34 4226480
01 4226488
51 4226496
34 4226504
43 4226512
42 4226520
28 4226528
28 4226536
28 4226544
28 4226552
28 4226560
43 4226568
03 4226576
43 4226584
34 4226592
42 4226600
34 4226608
34 4226616
28 4226624
42 4226632
43 4226640
02 4226648
34 4226656
28 4226664
28 4226672
28 4226680
43 4226688
03 4226696
43 4226704
34 4226712
42 4226720
34 4226728
42 4226736
34 4226744
42 4226752
34 4226760
34 4226768
34 4226776
34 4226784
06 4226792
28 4226800
5d 4226808
01 4226816
20 4226824
06 4226832
42 4226840
01 4226848
28 4226856
28 4226864
05 4226872
28 4226880
05 4226888
5e 4226896
06 4226904
43 4226912
42 4226920
42 4226928
28 4226936
28 4226944
28 4226952
42 4226960
43 4226968
5e 4226976
06 4226984
4f 4226992
05 4227000
28 4227008
05 4227016
28 4227024
05 4227032
5d 4227040
06 4227048
42 4227056
02 4227064
06 4227072
28 4227080
28 4227088
42 4227096
34 4227104
05 4227112
34 4227120
28 4227128
01 4227136
43 4227144
43 4227152
5c 4227160
06 4227168
43 4227176
28 4227184
28 4227192
28 4227200
28 4227208
28 4227216
28 4227224
28 4227232
43 4227240
03 4227248
00 4227256
43 4227264
42 4227272
4f 4227280
05 4227288
20 4227296
05 4227304
43 4227312
4f 4227320
06 4227328
a2 4227336
51 4227344
a2 4227352
51 4227360
28 4227368
43 4227376
45 4227384
4e 4227392
05 4227400
20 4227408
43 4227416
06 4227424
45 4227432
01 4227440
20 4227448
06 4227456
45 4227464
43 4227472
01 4227480
20 4227488
05 4227496
20 4227504
06 4227512
45 4227520
43 4227528
01 4227536
45 4227544
01 4227552
45 4227560
43 4227568
43 4227576
03 4227584
00 4227592
43 4227600
4f 4227608
4f 4227616
05 4227624
22 4227632
05 4227640
05 4227648
43 4227656
4f 4227664
06 4227672
a2 4227680
51 4227688
55 4227696
50 4227704
55 4227712
50 4227720
28 4227728
54 4227736
43 4227744
42 4227752
54 4227760
52 4227768
4e 4227776
06 4227784
52 4227792
42 4227800
54 4227808
52 4227816
4e 4227824
05 4227832
22 4227840
43 4227848
05 4227856
05 4227864
22 4227872
43 4227880
05 4227888
05 4227896
22 4227904
43 4227912
05 4227920
05 4227928
22 4227936
43 4227944
05 4227952
06 4227960
01 4227968
42 4227976
01 4227984
42 4227992
43 4228000
03 4228008
43 4228016
34 4228024
42 4228032
46 4228040
34 4228048
4c 4228056
34 4228064
42 4228072
34 4228080
42 4228088
34 4228096
42 4228104
34 4228112
34 4228120
34 4228128
34 4228136
34 4228144
05 4228152
28 4228160
a2 4228168
51 4228176
06 4228184
28 4228192
28 4228200
28 4228208
a2 4228216
51 4228224
06 4228232
28 4228240
4f 4228248
06 4228256
43 4228264
34 4228272
42 4228280
01 4228288
28 4228296
4f 4228304
06 4228312
05 4228320
05 4228328
4f 4228336
05 4228344
28 4228352
28 4228360
06 4228368
22 4228376
42 4228384
43 4228392
02 4228400
43 4228408
05 4228416
43 4228424
06 4228432
43 4228440
01 4228448
43 4228456
28 4228464
a2 4228472
28 4228480
42 4228488
28 4228496
52 4228504
5e 4228512
02 4228520
43 4228528
06 4228536
28 4228544
43 4228552
06 4228560
28 4228568
34 4228576
06 4228584
05 4228592
28 4228600
28 4228608
06 4228616
28 4228624
06 4228632
42 4228640
01 4228648
28 4228656
42 4228664
42 4228672
04 4228680
42 4228688
07 4228696
28 4228704
42 4228712
43 4228720
05 4228728
42 4228736
34 4228744
34 4228752
01 4228760
28 4228768
51 4228776
34 4228784
01 4228792
42 4228800
28 4228808
28 4228816
28 4228824
28 4228832
45 4228840
45 4228848
4f 4228856
05 4228864
42 4228872
43 4228880
42 4228888
02 4228896
5d 4228904
05 4228912
28 4228920
28 4228928
06 4228936
28 4228944
28 4228952
05 4228960
28 4228968
06 4228976
06 4228984
42 4228992
43 4229000
05 4229008
43 4229016
22 4229024
42 4229032
43 4229040
02 4229048
05 4229056
43 4229064
42 4229072
43 4229080
06 4229088
01 4229096
05 4229104
5d 4229112
06 4229120
05 4229128
43 4229136
42 4229144
5d 4229152
05 4229160
42 4229168
45 4229176
42 4229184
45 4229192
5e 4229200
05 4229208
42 4229216
43 4229224
05 4229232
28 4229240
43 4229248
34 4229256
22 4229264
42 4229272
43 4229280
43 4229288
30 4229296
06 4229304
01 4229312
28 4229320
42 4229328
42 4229336
02 4229344
28 4229352
42 4229360
42 4229368
34 4229376
05 4229384
06 4229392
05 4229400
42 4229408
02 4229416
05 4229424
28 4229432
28 4229440
28 4229448
45 4229456
45 4229464
06 4229472
01 4229480
28 4229488
28 4229496
05 4229504
42 4229512
43 4229520
02 4229528
43 4229536
05 4229544
28 4229552
28 4229560
28 4229568
28 4229576
28 4229584
45 4229592
45 4229600
06 4229608
5d 4229616
06 4229624
06 4229632
01 4229640
49 4229648
06 4229656
a1 4229664
4c 4229672
28 4229680
28 4229688
28 4229696
28 4229704
28 4229712
28 4229720
28 4229728
28 4229736
28 4229744
28 4229752
43 4229760
03 4229768
43 4229776
28 4229784
34 4229792
34 4229800
42 4229808
42 4229816
34 4229824
42 4229832
34 4229840
a2 4229848
43 4229856
34 4229864
34 4229872
34 4229880
34 4229888
05 4229896
a2 4229904
43 4229912
42 4229920
06 4229928
05 4229936
43 4229944
42 4229952
42 4229960
42 4229968
42 4229976
42 4229984
42 4229992
02 4230000
42 4230008
22 4230016
42 4230024
42 4230032
42 4230040
42 4230048
30 4230056
02 4230064
42 4230072
42 4230080
06 4230088
06 4230096
42 4230104
28 4230112
28 4230120
28 4230128
28 4230136
28 4230144
28 4230152
28 4230160
28 4230168
43 4230176
03 4230184
43 4230192
34 4230200
42 4230208
34 4230216
34 4230224
34 4230232
34 4230240
34 4230248
34 4230256
34 4230264
34 4230272
34 4230280
36 4230288
36 4230296
28 4230304
28 4230312
42 4230320
34 4230328
28 4230336
34 4230344
34 4230352
34 4230360
22 4230368
28 4230376
28 4230384
55 4230392
42 4230400
22 4230408
28 4230416
30 4230424
5c 4230432
34 4230440
05 4230448
43 4230456
43 4230464
57 4230472
55 4230480
45 4230488
28 4230496
43 4230504
34 4230512
28 4230520
28 4230528
42 4230536
28 4230544
43 4230552
43 4230560
4e 4230568
43 4230576
34 4230584
2a 4230592
2a 4230600
7b 4230608
02 4230616
05 4230624
43 4230632
01 4230640
7b 4230648
02 4230656
05 4230664
a5 4230672
a5 4230680
43 4230688
43 4230696
93 4230704
34 4230712
0c 4230720
34 4230728
05 4230736
28 4230744
28 4230752
28 4230760
5b 4230768
05 4230776
42 4230784
28 4230792
06 4230800
28 4230808
28 4230816
4f 4230824
05 4230832
43 4230840
28 4230848
28 4230856
43 4230864
4f 4230872
06 4230880
42 4230888
43 4230896
07 4230904
43 4230912
43 4230920
28 4230928
28 4230936
5d 4230944
06 4230952
42 4230960
43 4230968
02 4230976
06 4230984
43 4230992
01 4231000
43 4231008
34 4231016
30 4231024
28 4231032
43 4231040
34 4231048
42 4231056
43 4231064
08 4231072
28 4231080
05 4231088
28 4231096
28 4231104
5d 4231112
06 4231120
42 4231128
43 4231136
01 4231144
43 4231152
34 4231160
43 4231168
01 4231176
28 4231184
28 4231192
4f 4231200
05 4231208
28 4231216
28 4231224
5d 4231232
06 4231240
42 4231248
43 4231256
01 4231264
43 4231272
34 4231280
43 4231288
01 4231296
4f 4231304
05 4231312
28 4231320
28 4231328
5d 4231336
06 4231344
42 4231352
43 4231360
02 4231368
43 4231376
06 4231384
01 4231392
43 4231400
34 4231408
43 4231416
30 4231424
28 4231432
43 4231440
34 4231448
43 4231456
43 4231464
20 4231472
28 4231480
28 4231488
43 4231496
5d 4231504
05 4231512
43 4231520
34 4231528
42 4231536
30 4231544
4f 4231552
01 4231560
42 4231568
4f 4231576
02 4231584
05 4231592
28 4231600
43 4231608
34 4231616
42 4231624
43 4231632
06 4231640
28 4231648
28 4231656
4f 4231664
05 4231672
42 4231680
43 4231688
07 4231696
43 4231704
43 4231712
28 4231720
28 4231728
5d 4231736
06 4231744
42 4231752
43 4231760
02 4231768
06 4231776
01 4231784
43 4231792
34 4231800
30 4231808
28 4231816
43 4231824
34 4231832
42 4231840
43 4231848
08 4231856
01 4231864
43 4231872
43 4231880
43 4231888
43 4231896
36 4231904
36 4231912
02 4231920
28 4231928
42 4231936
43 4231944
06 4231952
43 4231960
01 4231968
28 4231976
06 4231984
22 4231992
55 4232000
59 4232008
43 4232016
06 4232024
43 4232032
34 4232040
22 4232048
43 4232056
55 4232064
59 4232072
06 4232080
a5 4232088
a5 4232096
91 4232104
0c 4232112
28 4232120
05 4232128
7d 4232136
2a 4232144
2a 4232152
93 4232160
0c 4232168
28 4232176
2a 4232184
2a 4232192
5c 4232200
06 4232208
43 4232216
43 4232224
07 4232232
7b 4232240
75 4232248
93 4232256
0c 4232264
43 4232272
08 4232280
08 4232288
43 4232296
30 4232304
28 4232312
43 4232320
34 4232328
43 4232336
06 4232344
28 4232352
06 4232360
43 4232368
30 4232376
28 4232384
22 4232392
28 4232400
55 4232408
42 4232416
24 4232424
43 4232432
43 4232440
06 4232448
28 4232456
4f 4232464
05 4232472
28 4232480
08 4232488
28 4232496
28 4232504
4f 4232512
05 4232520
28 4232528
22 4232536
30 4232544
43 4232552
28 4232560
42 4232568
43 4232576
34 4232584
07 4232592
43 4232600
30 4232608
28 4232616
43 4232624
42 4232632
43 4232640
34 4232648
08 4232656
22 4232664
43 4232672
55 4232680
59 4232688
06 4232696
28 4232704
22 4232712
30 4232720
43 4232728
43 4232736
30 4232744
43 4232752
43 4232760
30 4232768
43 4232776
30 4232784
43 4232792
01 4232800
28 4232808
28 4232816
34 4232824
45 4232832
34 4232840
5c 4232848
06 4232856
42 4232864
42 4232872
43 4232880
43 4232888
0a 4232896
43 4232904
59 4232912
5b 4232920
05 4232928
34 4232936
43 4232944
43 4232952
01 4232960
28 4232968
43 4232976
4f 4232984
06 4232992
42 4233000
07 4233008
42 4233016
43 4233024
42 4233032
43 4233040
0a 4233048
43 4233056
28 4233064
55 4233072
43 4233080
59 4233088
55 4233096
42 4233104
42 4233112
5b 4233120
43 4233128
34 4233136
06 4233144
28 4233152
43 4233160
0a 4233168
43 4233176
59 4233184
42 4233192
34 4233200
01 4233208
42 4233216
43 4233224
0a 4233232
43 4233240
59 4233248
55 4233256
42 4233264
43 4233272
42 4233280
55 4233288
45 4233296
02 4233304
28 4233312
42 4233320
34 4233328
43 4233336
0a 4233344
43 4233352
59 4233360
42 4233368
34 4233376
05 4233384
43 4233392
34 4233400
55 4233408
43 4233416
42 4233424
34 4233432
43 4233440
34 4233448
34 4233456
42 4233464
28 4233472
43 4233480
43 4233488
0a 4233496
43 4233504
59 4233512
5b 4233520
05 4233528
34 4233536
43 4233544
43 4233552
01 4233560
28 4233568
43 4233576
42 4233584
0a 4233592
43 4233600
59 4233608
55 4233616
43 4233624
42 4233632
55 4233640
45 4233648
43 4233656
56 4233664
34 4233672
43 4233680
01 4233688
43 4233696
43 4233704
42 4233712
55 4233720
34 4233728
02 4233736
42 4233744
43 4233752
28 4233760
45 4233768
0a 4233776
43 4233784
59 4233792
5b 4233800
05 4233808
34 4233816
43 4233824
43 4233832
01 4233840
28 4233848
45 4233856
42 4233864
0a 4233872
43 4233880
59 4233888
55 4233896
43 4233904
42 4233912
55 4233920
45 4233928
43 4233936
56 4233944
34 4233952
43 4233960
34 4233968
43 4233976
34 4233984
34 4233992
28 4234000
43 4234008
43 4234016
55 4234024
34 4234032
02 4234040
42 4234048
43 4234056
34 4234064
43 4234072
43 4234080
07 4234088
a2 4234096
34 4234104
43 4234112
34 4234120
06 4234128
43 4234136
43 4234144
43 4234152
02 4234160
06 4234168
43 4234176
28 4234184
42 4234192
43 4234200
02 4234208
42 4234216
34 4234224
05 4234232
28 4234240
43 4234248
55 4234256
34 4234264
43 4234272
42 4234280
34 4234288
43 4234296
28 4234304
42 4234312
43 4234320
02 4234328
42 4234336
34 4234344
05 4234352
28 4234360
43 4234368
55 4234376
34 4234384
43 4234392
42 4234400
34 4234408
43 4234416
28 4234424
42 4234432
43 4234440
02 4234448
42 4234456
34 4234464
05 4234472
28 4234480
43 4234488
55 4234496
34 4234504
43 4234512
42 4234520
34 4234528
43 4234536
28 4234544
43 4234552
43 4234560
02 4234568
05 4234576
28 4234584
28 4234592
43 4234600
42 4234608
43 4234616
34 4234624
5d 4234632
05 4234640
43 4234648
05 4234656
28 4234664
43 4234672
43 4234680
34 4234688
43 4234696
06 4234704
43 4234712
06 4234720
43 4234728
01 4234736
05 4234744
42 4234752
43 4234760
07 4234768
42 4234776
28 4234784
43 4234792
34 4234800
43 4234808
43 4234816
5b 4234824
06 4234832
42 4234840
34 4234848
05 4234856
02 4234864
28 4234872
28 4234880
55 4234888
42 4234896
28 4234904
34 4234912
5e 4234920
45 4234928
01 4234936
43 4234944
43 4234952
02 4234960
0a 4234968
43 4234976
42 4234984
28 4234992
28 4235000
43 4235008
43 4235016
34 4235024
02 4235032
42 4235040
05 4235048
28 4235056
43 4235064
55 4235072
34 4235080
43 4235088
42 4235096
34 4235104
43 4235112
28 4235120
42 4235128
43 4235136
02 4235144
42 4235152
05 4235160
28 4235168
43 4235176
55 4235184
34 4235192
43 4235200
42 4235208
34 4235216
43 4235224
28 4235232
42 4235240
43 4235248
02 4235256
42 4235264
05 4235272
28 4235280
43 4235288
55 4235296
34 4235304
43 4235312
42 4235320
34 4235328
28 4235336
5b 4235344
06 4235352
05 4235360
43 4235368
43 4235376
34 4235384
43 4235392
43 4235400
34 4235408
43 4235416
34 4235424
43 4235432
34 4235440
28 4235448
28 4235456
43 4235464
43 4235472
02 4235480
28 4235488
42 4235496
34 4235504
05 4235512
43 4235520
34 4235528
55 4235536
42 4235544
34 4235552
28 4235560
28 4235568
5b 4235576
05 4235584
42 4235592
43 4235600
05 4235608
42 4235616
28 4235624
43 4235632
42 4235640
02 4235648
42 4235656
05 4235664
28 4235672
55 4235680
42 4235688
28 4235696
42 4235704
45 4235712
43 4235720
42 4235728
34 4235736
43 4235744
5d 4235752
05 4235760
43 4235768
05 4235776
28 4235784
43 4235792
43 4235800
34 4235808
43 4235816
06 4235824
43 4235832
06 4235840
43 4235848
01 4235856
05 4235864
42 4235872
43 4235880
07 4235888
42 4235896
28 4235904
43 4235912
34 4235920
43 4235928
43 4235936
5b 4235944
06 4235952
42 4235960
28 4235968
42 4235976
01 4235984
42 4235992
43 4236000
43 4236008
05 4236016
42 4236024
28 4236032
42 4236040
42 4236048
02 4236056
42 4236064
05 4236072
55 4236080
42 4236088
28 4236096
42 4236104
45 4236112
43 4236120
42 4236128
34 4236136
43 4236144
5d 4236152
05 4236160
43 4236168
05 4236176
28 4236184
43 4236192
43 4236200
34 4236208
43 4236216
06 4236224
43 4236232
06 4236240
43 4236248
01 4236256
05 4236264
42 4236272
43 4236280
07 4236288
28 4236296
43 4236304
34 4236312
43 4236320
43 4236328
5b 4236336
06 4236344
42 4236352
28 4236360
42 4236368
34 4236376
05 4236384
28 4236392
43 4236400
55 4236408
42 4236416
34 4236424
34 4236432
43 4236440
28 4236448
43 4236456
43 4236464
01 4236472
43 4236480
43 4236488
02 4236496
09 4236504
28 4236512
28 4236520
28 4236528
43 4236536
02 4236544
42 4236552
05 4236560
28 4236568
43 4236576
55 4236584
42 4236592
34 4236600
34 4236608
43 4236616
28 4236624
28 4236632
28 4236640
43 4236648
43 4236656
34 4236664
02 4236672
28 4236680
42 4236688
34 4236696
05 4236704
43 4236712
34 4236720
55 4236728
42 4236736
34 4236744
28 4236752
28 4236760
5b 4236768
06 4236776
05 4236784
22 4236792
43 4236800
55 4236808
59 4236816
06 4236824
28 4236832
28 4236840
43 4236848
42 4236856
34 4236864
28 4236872
28 4236880
28 4236888
43 4236896
43 4236904
45 4236912
55 4236920
42 4236928
02 4236936
07 4236944
42 4236952
42 4236960
42 4236968
42 4236976
43 4236984
02 4236992
42 4237000
05 4237008
34 4237016
43 4237024
43 4237032
43 4237040
08 4237048
0a 4237056
42 4237064
42 4237072
42 4237080
43 4237088
02 4237096
05 4237104
42 4237112
28 4237120
43 4237128
42 4237136
43 4237144
34 4237152
5d 4237160
05 4237168
43 4237176
05 4237184
28 4237192
43 4237200
43 4237208
34 4237216
43 4237224
06 4237232
43 4237240
06 4237248
43 4237256
01 4237264
05 4237272
42 4237280
43 4237288
07 4237296
42 4237304
28 4237312
43 4237320
34 4237328
43 4237336
43 4237344
5b 4237352
06 4237360
42 4237368
05 4237376
02 4237384
28 4237392
55 4237400
42 4237408
28 4237416
43 4237424
5e 4237432
45 4237440
09 4237448
28 4237456
5b 4237464
06 4237472
06 4237480
43 4237488
43 4237496
42 4237504
02 4237512
07 4237520
34 4237528
43 4237536
43 4237544
55 4237552
02 4237560
28 4237568
5b 4237576
06 4237584
06 4237592
43 4237600
43 4237608
42 4237616
02 4237624
09 4237632
28 4237640
43 4237648
55 4237656
34 4237664
02 4237672
28 4237680
28 4237688
43 4237696
34 4237704
5b 4237712
05 4237720
42 4237728
43 4237736
43 4237744
05 4237752
42 4237760
28 4237768
42 4237776
42 4237784
02 4237792
42 4237800
05 4237808
55 4237816
42 4237824
28 4237832
42 4237840
45 4237848
43 4237856
42 4237864
34 4237872
43 4237880
5d 4237888
05 4237896
43 4237904
05 4237912
28 4237920
43 4237928
43 4237936
34 4237944
43 4237952
06 4237960
43 4237968
06 4237976
43 4237984
01 4237992
05 4238000
42 4238008
43 4238016
07 4238024
28 4238032
43 4238040
34 4238048
43 4238056
43 4238064
5b 4238072
06 4238080
42 4238088
28 4238096
42 4238104
01 4238112
42 4238120
43 4238128
05 4238136
42 4238144
28 4238152
43 4238160
42 4238168
02 4238176
42 4238184
05 4238192
28 4238200
55 4238208
42 4238216
28 4238224
42 4238232
45 4238240
43 4238248
42 4238256
34 4238264
43 4238272
5d 4238280
05 4238288
43 4238296
05 4238304
28 4238312
43 4238320
43 4238328
34 4238336
43 4238344
06 4238352
43 4238360
06 4238368
43 4238376
01 4238384
05 4238392
42 4238400
43 4238408
07 4238416
42 4238424
28 4238432
43 4238440
34 4238448
43 4238456
43 4238464
5b 4238472
06 4238480
42 4238488
28 4238496
42 4238504
34 4238512
05 4238520
28 4238528
43 4238536
55 4238544
42 4238552
34 4238560
34 4238568
28 4238576
28 4238584
5b 4238592
06 4238600
06 4238608
43 4238616
43 4238624
02 4238632
0a 4238640
43 4238648
43 4238656
28 4238664
28 4238672
43 4238680
43 4238688
34 4238696
02 4238704
28 4238712
42 4238720
43 4238728
34 4238736
34 4238744
05 4238752
43 4238760
34 4238768
55 4238776
42 4238784
34 4238792
28 4238800
55 4238808
42 4238816
28 4238824
51 4238832
5d 4238840
06 4238848
5e 4238856
53 4238864
55 4238872
01 4238880
a2 4238888
51 4238896
43 4238904
5d 4238912
06 4238920
43 4238928
58 4238936
a2 4238944
42 4238952
22 4238960
42 4238968
43 4238976
45 4238984
05 4238992
43 4239000
28 4239008
42 4239016
42 4239024
55 4239032
43 4239040
57 4239048
55 4239056
45 4239064
28 4239072
43 4239080
42 4239088
02 4239096
43 4239104
42 4239112
28 4239120
42 4239128
42 4239136
02 4239144
42 4239152
05 4239160
28 4239168
43 4239176
55 4239184
42 4239192
34 4239200
34 4239208
28 4239216
43 4239224
34 4239232
28 4239240
42 4239248
42 4239256
02 4239264
28 4239272
28 4239280
42 4239288
45 4239296
55 4239304
42 4239312
34 4239320
28 4239328
42 4239336
42 4239344
34 4239352
02 4239360
42 4239368
01 4239376
43 4239384
01 4239392
28 4239400
43 4239408
34 4239416
28 4239424
43 4239432
43 4239440
02 4239448
28 4239456
28 4239464
45 4239472
55 4239480
42 4239488
34 4239496
28 4239504
34 4239512
28 4239520
28 4239528
43 4239536
43 4239544
30 4239552
05 4239560
55 4239568
42 4239576
43 4239584
28 4239592
43 4239600
06 4239608
06 4239616
42 4239624
34 4239632
06 4239640
43 4239648
34 4239656
43 4239664
28 4239672
42 4239680
43 4239688
55 4239696
34 4239704
02 4239712
43 4239720
42 4239728
28 4239736
42 4239744
43 4239752
02 4239760
28 4239768
34 4239776
28 4239784
34 4239792
05 4239800
28 4239808
43 4239816
34 4239824
55 4239832
42 4239840
34 4239848
43 4239856
42 4239864
28 4239872
42 4239880
43 4239888
02 4239896
34 4239904
05 4239912
28 4239920
43 4239928
34 4239936
28 4239944
55 4239952
42 4239960
34 4239968
43 4239976
28 4239984
42 4239992
43 4240000
02 4240008
34 4240016
05 4240024
28 4240032
43 4240040
34 4240048
28 4240056
55 4240064
42 4240072
34 4240080
28 4240088
28 4240096
42 4240104
5b 4240112
06 4240120
06 4240128
42 4240136
42 4240144
02 4240152
0a 4240160
43 4240168
28 4240176
28 4240184
34 4240192
5b 4240200
05 4240208
43 4240216
34 4240224
01 4240232
42 4240240
43 4240248
43 4240256
43 4240264
05 4240272
42 4240280
42 4240288
42 4240296
42 4240304
02 4240312
42 4240320
05 4240328
55 4240336
42 4240344
28 4240352
42 4240360
45 4240368
43 4240376
45 4240384
34 4240392
43 4240400
5d 4240408
05 4240416
43 4240424
05 4240432
28 4240440
43 4240448
43 4240456
34 4240464
43 4240472
06 4240480
43 4240488
06 4240496
43 4240504
01 4240512
05 4240520
42 4240528
43 4240536
07 4240544
28 4240552
43 4240560
34 4240568
43 4240576
43 4240584
5b 4240592
06 4240600
42 4240608
28 4240616
34 4240624
28 4240632
42 4240640
34 4240648
06 4240656
28 4240664
05 4240672
28 4240680
5b 4240688
06 4240696
06 4240704
43 4240712
43 4240720
42 4240728
02 4240736
0a 4240744
01 4240752
28 4240760
5b 4240768
06 4240776
06 4240784
43 4240792
43 4240800
02 4240808
07 4240816
43 4240824
34 4240832
28 4240840
06 4240848
28 4240856
06 4240864
28 4240872
28 4240880
06 4240888
28 4240896
05 4240904
28 4240912
05 4240920
28 4240928
05 4240936
28 4240944
28 4240952
5b 4240960
06 4240968
06 4240976
43 4240984
43 4240992
02 4241000
07 4241008
22 4241016
43 4241024
30 4241032
22 4241040
43 4241048
55 4241056
59 4241064
06 4241072
28 4241080
34 4241088
57 4241096
34 4241104
05 4241112
28 4241120
45 4241128
34 4241136
28 4241144
43 4241152
5c 4241160
06 4241168
55 4241176
28 4241184
42 4241192
55 4241200
5b 4241208
05 4241216
22 4241224
30 4241232
28 4241240
43 4241248
06 4241256
28 4241264
06 4241272
28 4241280
28 4241288
06 4241296
28 4241304
22 4241312
28 4241320
55 4241328
42 4241336
24 4241344
43 4241352
05 4241360
28 4241368
08 4241376
28 4241384
28 4241392
4f 4241400
05 4241408
28 4241416
22 4241424
30 4241432
43 4241440
01 4241448
43 4241456
34 4241464
43 4241472
34 4241480
28 4241488
22 4241496
43 4241504
43 4241512
34 4241520
43 4241528
34 4241536
30 4241544
43 4241552
43 4241560
43 4241568
28 4241576
28 4241584
43 4241592
43 4241600
34 4241608
02 4241616
28 4241624
42 4241632
34 4241640
34 4241648
05 4241656
43 4241664
34 4241672
55 4241680
42 4241688
34 4241696
28 4241704
55 4241712
42 4241720
28 4241728
51 4241736
5d 4241744
06 4241752
5e 4241760
53 4241768
55 4241776
01 4241784
a2 4241792
51 4241800
43 4241808
5d 4241816
06 4241824
43 4241832
58 4241840
a2 4241848
42 4241856
22 4241864
42 4241872
43 4241880
45 4241888
05 4241896
43 4241904
28 4241912
42 4241920
42 4241928
55 4241936
43 4241944
57 4241952
55 4241960
45 4241968
28 4241976
43 4241984
42 4241992
02 4242000
28 4242008
28 4242016
28 4242024
42 4242032
02 4242040
42 4242048
05 4242056
28 4242064
43 4242072
55 4242080
42 4242088
34 4242096
34 4242104
28 4242112
34 4242120
28 4242128
28 4242136
43 4242144
42 4242152
02 4242160
28 4242168
28 4242176
28 4242184
45 4242192
55 4242200
42 4242208
34 4242216
28 4242224
28 4242232
42 4242240
34 4242248
02 4242256
42 4242264
01 4242272
43 4242280
01 4242288
28 4242296
43 4242304
34 4242312
28 4242320
43 4242328
43 4242336
02 4242344
28 4242352
28 4242360
45 4242368
55 4242376
42 4242384
34 4242392
28 4242400
34 4242408
28 4242416
28 4242424
43 4242432
43 4242440
30 4242448
05 4242456
55 4242464
42 4242472
43 4242480
28 4242488
43 4242496
06 4242504
06 4242512
42 4242520
34 4242528
06 4242536
43 4242544
34 4242552
28 4242560
28 4242568
43 4242576
55 4242584
34 4242592
02 4242600
28 4242608
28 4242616
28 4242624
43 4242632
02 4242640
28 4242648
34 4242656
28 4242664
34 4242672
05 4242680
28 4242688
43 4242696
34 4242704
55 4242712
42 4242720
34 4242728
28 4242736
28 4242744
28 4242752
43 4242760
02 4242768
34 4242776
05 4242784
28 4242792
43 4242800
34 4242808
28 4242816
55 4242824
42 4242832
34 4242840
43 4242848
28 4242856
42 4242864
43 4242872
02 4242880
34 4242888
05 4242896
28 4242904
43 4242912
34 4242920
28 4242928
55 4242936
42 4242944
34 4242952
28 4242960
28 4242968
42 4242976
5b 4242984
06 4242992
06 4243000
28 4243008
28 4243016
02 4243024
0a 4243032
43 4243040
28 4243048
28 4243056
34 4243064
5b 4243072
05 4243080
43 4243088
34 4243096
01 4243104
42 4243112
43 4243120
43 4243128
43 4243136
05 4243144
42 4243152
42 4243160
42 4243168
42 4243176
02 4243184
42 4243192
05 4243200
55 4243208
42 4243216
28 4243224
42 4243232
45 4243240
43 4243248
45 4243256
34 4243264
43 4243272
5d 4243280
05 4243288
43 4243296
05 4243304
28 4243312
43 4243320
43 4243328
34 4243336
43 4243344
06 4243352
43 4243360
06 4243368
43 4243376
01 4243384
05 4243392
42 4243400
43 4243408
07 4243416
28 4243424
43 4243432
34 4243440
43 4243448
43 4243456
5b 4243464
06 4243472
42 4243480
28 4243488
34 4243496
28 4243504
42 4243512
34 4243520
06 4243528
28 4243536
05 4243544
28 4243552
5b 4243560
06 4243568
06 4243576
43 4243584
43 4243592
42 4243600
02 4243608
0a 4243616
01 4243624
28 4243632
5b 4243640
06 4243648
06 4243656
43 4243664
43 4243672
02 4243680
07 4243688
43 4243696
34 4243704
28 4243712
06 4243720
28 4243728
06 4243736
28 4243744
28 4243752
06 4243760
28 4243768
05 4243776
28 4243784
05 4243792
28 4243800
05 4243808
28 4243816
28 4243824
5b 4243832
06 4243840
06 4243848
43 4243856
43 4243864
02 4243872
07 4243880
22 4243888
43 4243896
30 4243904
43 4243912
01 4243920
42 4243928
22 4243936
30 4243944
43 4243952
05 4243960
28 4243968
22 4243976
28 4243984
55 4243992
42 4244000
24 4244008
43 4244016
06 4244024
28 4244032
4f 4244040
05 4244048
28 4244056
28 4244064
43 4244072
34 4244080
5b 4244088
06 4244096
43 4244104
30 4244112
28 4244120
28 4244128
43 4244136
43 4244144
34 4244152
5b 4244160
05 4244168
28 4244176
22 4244184
28 4244192
42 4244200
55 4244208
42 4244216
26 4244224
43 4244232
43 4244240
4f 4244248
05 4244256
43 4244264
30 4244272
42 4244280
28 4244288
43 4244296
43 4244304
05 4244312
43 4244320
30 4244328
28 4244336
5c 4244344
05 4244352
43 4244360
30 4244368
43 4244376
a2 4244384
51 4244392
46 4244400
4a 4244408
4c 4244416
28 4244424
57 4244432
42 4244440
59 4244448
59 4244456
45 4244464
48 4244472
06 4244480
a1 4244488
43 4244496
06 4244504
a2 4244512
06 4244520
a1 4244528
4c 4244536
4a 4244544
43 4244552
30 4244560
43 4244568
5c 4244576
34 4244584
05 4244592
01 4244600
28 4244608
0a 4244616
43 4244624
30 4244632
28 4244640
43 4244648
08 4244656
28 4244664
28 4244672
4f 4244680
05 4244688
28 4244696
22 4244704
30 4244712
43 4244720
28 4244728
43 4244736
5c 4244744
05 4244752
43 4244760
30 4244768
28 4244776
43 4244784
43 4244792
5b 4244800
06 4244808
22 4244816
30 4244824
28 4244832
43 4244840
06 4244848
28 4244856
06 4244864
28 4244872
28 4244880
05 4244888
43 4244896
43 4244904
43 4244912
34 4244920
43 4244928
34 4244936
43 4244944
34 4244952
43 4244960
43 4244968
28 4244976
28 4244984
43 4244992
43 4245000
34 4245008
02 4245016
28 4245024
42 4245032
34 4245040
34 4245048
05 4245056
43 4245064
34 4245072
55 4245080
42 4245088
34 4245096
28 4245104
55 4245112
42 4245120
28 4245128
51 4245136
5d 4245144
06 4245152
5e 4245160
53 4245168
55 4245176
01 4245184
a2 4245192
51 4245200
43 4245208
5d 4245216
06 4245224
43 4245232
58 4245240
a2 4245248
42 4245256
22 4245264
42 4245272
43 4245280
45 4245288
05 4245296
43 4245304
28 4245312
42 4245320
42 4245328
55 4245336
43 4245344
57 4245352
55 4245360
45 4245368
28 4245376
43 4245384
42 4245392
02 4245400
42 4245408
28 4245416
42 4245424
42 4245432
02 4245440
42 4245448
05 4245456
28 4245464
43 4245472
55 4245480
42 4245488
34 4245496
34 4245504
28 4245512
43 4245520
34 4245528
28 4245536
42 4245544
42 4245552
02 4245560
28 4245568
28 4245576
42 4245584
45 4245592
55 4245600
42 4245608
34 4245616
28 4245624
42 4245632
42 4245640
34 4245648
02 4245656
42 4245664
01 4245672
43 4245680
01 4245688
28 4245696
43 4245704
34 4245712
28 4245720
43 4245728
43 4245736
02 4245744
28 4245752
28 4245760
45 4245768
55 4245776
42 4245784
34 4245792
28 4245800
34 4245808
28 4245816
28 4245824
43 4245832
43 4245840
30 4245848
05 4245856
55 4245864
42 4245872
43 4245880
28 4245888
43 4245896
06 4245904
06 4245912
42 4245920
34 4245928
06 4245936
43 4245944
34 4245952
28 4245960
28 4245968
43 4245976
55 4245984
34 4245992
02 4246000
28 4246008
28 4246016
28 4246024
43 4246032
02 4246040
28 4246048
34 4246056
28 4246064
34 4246072
05 4246080
28 4246088
43 4246096
34 4246104
55 4246112
42 4246120
34 4246128
28 4246136
28 4246144
28 4246152
43 4246160
02 4246168
34 4246176
05 4246184
28 4246192
43 4246200
34 4246208
28 4246216
55 4246224
42 4246232
34 4246240
43 4246248
28 4246256
42 4246264
43 4246272
02 4246280
34 4246288
05 4246296
28 4246304
43 4246312
34 4246320
28 4246328
55 4246336
42 4246344
34 4246352
28 4246360
28 4246368
42 4246376
5b 4246384
06 4246392
06 4246400
28 4246408
28 4246416
02 4246424
0a 4246432
43 4246440
28 4246448
28 4246456
34 4246464
5b 4246472
05 4246480
43 4246488
34 4246496
01 4246504
42 4246512
43 4246520
43 4246528
43 4246536
05 4246544
42 4246552
42 4246560
42 4246568
42 4246576
02 4246584
42 4246592
05 4246600
55 4246608
42 4246616
28 4246624
42 4246632
45 4246640
43 4246648
45 4246656
34 4246664
43 4246672
5d 4246680
05 4246688
43 4246696
05 4246704
28 4246712
43 4246720
43 4246728
34 4246736
43 4246744
06 4246752
43 4246760
06 4246768
43 4246776
01 4246784
05 4246792
42 4246800
43 4246808
07 4246816
28 4246824
43 4246832
34 4246840
43 4246848
43 4246856
5b 4246864
06 4246872
42 4246880
28 4246888
34 4246896
28 4246904
42 4246912
34 4246920
06 4246928
28 4246936
05 4246944
28 4246952
5b 4246960
06 4246968
06 4246976
43 4246984
43 4246992
42 4247000
02 4247008
0a 4247016
01 4247024
28 4247032
5b 4247040
06 4247048
06 4247056
43 4247064
43 4247072
02 4247080
07 4247088
43 4247096
34 4247104
28 4247112
06 4247120
28 4247128
06 4247136
28 4247144
28 4247152
06 4247160
28 4247168
05 4247176
28 4247184
05 4247192
28 4247200
05 4247208
28 4247216
28 4247224
5b 4247232
06 4247240
06 4247248
43 4247256
43 4247264
02 4247272
07 4247280
22 4247288
43 4247296
30 4247304
43 4247312
01 4247320
42 4247328
28 4247336
43 4247344
06 4247352
28 4247360
22 4247368
30 4247376
43 4247384
22 4247392
30 4247400
43 4247408
05 4247416
28 4247424
07 4247432
43 4247440
30 4247448
28 4247456
43 4247464
43 4247472
34 4247480
08 4247488
22 4247496
43 4247504
55 4247512
59 4247520
05 4247528
28 4247536
08 4247544
28 4247552
28 4247560
4f 4247568
05 4247576
28 4247584
06 4247592
28 4247600
22 4247608
30 4247616
43 4247624
28 4247632
28 4247640
43 4247648
45 4247656
5b 4247664
34 4247672
05 4247680
43 4247688
30 4247696
28 4247704
43 4247712
43 4247720
5b 4247728
34 4247736
06 4247744
28 4247752
06 4247760
28 4247768
28 4247776
4f 4247784
05 4247792
28 4247800
43 4247808
34 4247816
28 4247824
45 4247832
28 4247840
45 4247848
34 4247856
28 4247864
28 4247872
a2 4247880
51 4247888
4e 4247896
a2 4247904
06 4247912
28 4247920
42 4247928
43 4247936
34 4247944
07 4247952
43 4247960
43 4247968
28 4247976
28 4247984
5d 4247992
06 4248000
42 4248008
43 4248016
02 4248024
06 4248032
01 4248040
43 4248048
34 4248056
30 4248064
28 4248072
43 4248080
34 4248088
28 4248096
42 4248104
43 4248112
34 4248120
08 4248128
28 4248136
05 4248144
28 4248152
28 4248160
5d 4248168
06 4248176
42 4248184
43 4248192
01 4248200
43 4248208
34 4248216
43 4248224
01 4248232
28 4248240
28 4248248
4f 4248256
05 4248264
28 4248272
28 4248280
5d 4248288
06 4248296
42 4248304
43 4248312
01 4248320
43 4248328
34 4248336
43 4248344
01 4248352
4f 4248360
05 4248368
28 4248376
28 4248384
5d 4248392
06 4248400
42 4248408
43 4248416
02 4248424
43 4248432
06 4248440
01 4248448
43 4248456
34 4248464
43 4248472
30 4248480
28 4248488
43 4248496
34 4248504
28 4248512
28 4248520
a2 4248528
51 4248536
4e 4248544
a2 4248552
06 4248560
28 4248568
42 4248576
43 4248584
34 4248592
07 4248600
43 4248608
43 4248616
28 4248624
28 4248632
5d 4248640
06 4248648
42 4248656
43 4248664
02 4248672
06 4248680
01 4248688
43 4248696
34 4248704
30 4248712
28 4248720
43 4248728
34 4248736
28 4248744
42 4248752
43 4248760
34 4248768
08 4248776
28 4248784
43 4248792
42 4248800
45 4248808
42 4248816
02 4248824
43 4248832
06 4248840
28 4248848
28 4248856
28 4248864
4f 4248872
42 4248880
34 4248888
05 4248896
28 4248904
42 4248912
43 4248920
34 4248928
07 4248936
43 4248944
43 4248952
28 4248960
28 4248968
5d 4248976
06 4248984
42 4248992
43 4249000
02 4249008
06 4249016
01 4249024
43 4249032
34 4249040
30 4249048
28 4249056
43 4249064
34 4249072
28 4249080
42 4249088
43 4249096
34 4249104
08 4249112
28 4249120
42 4249128
28 4249136
28 4249144
28 4249152
28 4249160
28 4249168
28 4249176
28 4249184
28 4249192
28 4249200
28 4249208
2a 4249216
2a 4249224
43 4249232
03 4249240
34 4249248
34 4249256
34 4249264
43 4249272
43 4249280
34 4249288
02 4249296
28 4249304
43 4249312
03 4249320
43 4249328
34 4249336
42 4249344
34 4249352
34 4249360
34 4249368
34 4249376
34 4249384
06 4249392
28 4249400
42 4249408
05 4249416
a2 4249424
51 4249432
a2 4249440
51 4249448
43 4249456
28 4249464
06 4249472
28 4249480
28 4249488
28 4249496
06 4249504
28 4249512
4f 4249520
05 4249528
42 4249536
02 4249544
06 4249552
51 4249560
28 4249568
06 4249576
5d 4249584
45 4249592
01 4249600
28 4249608
a2 4249616
51 4249624
06 4249632
28 4249640
28 4249648
28 4249656
a2 4249664
51 4249672
06 4249680
28 4249688
4f 4249696
06 4249704
43 4249712
34 4249720
43 4249728
01 4249736
42 4249744
43 4249752
02 4249760
28 4249768
28 4249776
28 4249784
28 4249792
28 4249800
28 4249808
43 4249816
03 4249824
00 4249832
43 4249840
34 4249848
02 4249856
28 4249864
43 4249872
03 4249880
43 4249888
34 4249896
42 4249904
34 4249912
42 4249920
34 4249928
42 4249936
34 4249944
42 4249952
34 4249960
05 4249968
42 4249976
42 4249984
42 4249992
02 4250000
08 4250008
0a 4250016
43 4250024
01 4250032
42 4250040
42 4250048
45 4250056
06 4250064
42 4250072
28 4250080
28 4250088
28 4250096
28 4250104
28 4250112
43 4250120
03 4250128
43 4250136
34 4250144
42 4250152
34 4250160
28 4250168
02 4250176
09 4250184
34 4250192
42 4250200
01 4250208
43 4250216
28 4250224
28 4250232
43 4250240
03 4250248
43 4250256
34 4250264
02 4250272
28 4250280
43 4250288
03 4250296
42 4250304
03 4250312
43 4250320
42 4250328
34 4250336
42 4250344
4f 4250352
43 4250360
34 4250368
06 4250376
43 4250384
01 4250392
53 4250400
4f 4250408
4f 4250416
05 4250424
51 4250432
4f 4250440
05 4250448
51 4250456
4f 4250464
05 4250472
51 4250480
4f 4250488
05 4250496
51 4250504
43 4250512
02 4250520
01 4250528
02 4250536
09 4250544
34 4250552
42 4250560
01 4250568
43 4250576
28 4250584
28 4250592
43 4250600
03 4250608
43 4250616
34 4250624
42 4250632
34 4250640
42 4250648
34 4250656
42 4250664
34 4250672
42 4250680
34 4250688
43 4250696
4f 4250704
43 4250712
34 4250720
06 4250728
43 4250736
01 4250744
53 4250752
4f 4250760
4f 4250768
05 4250776
51 4250784
4f 4250792
05 4250800
51 4250808
4f 4250816
05 4250824
51 4250832
4f 4250840
05 4250848
42 4250856
51 4250864
43 4250872
02 4250880
01 4250888
42 4250896
02 4250904
0a 4250912
43 4250920
01 4250928
34 4250936
42 4250944
05 4250952
28 4250960
43 4250968
5e 4250976
05 4250984
28 4250992
04 4251000
43 4251008
4f 4251016
43 4251024
06 4251032
43 4251040
01 4251048
53 4251056
4f 4251064
4f 4251072
05 4251080
51 4251088
4f 4251096
05 4251104
51 4251112
4f 4251120
05 4251128
51 4251136
4f 4251144
05 4251152
42 4251160
51 4251168
43 4251176
02 4251184
01 4251192
42 4251200
02 4251208
0a 4251216
43 4251224
01 4251232
34 4251240
42 4251248
05 4251256
43 4251264
01 4251272
28 4251280
28 4251288
05 4251296
a2 4251304
43 4251312
06 4251320
02 4251328
0a 4251336
28 4251344
34 4251352
42 4251360
28 4251368
28 4251376
28 4251384
28 4251392
28 4251400
28 4251408
43 4251416
03 4251424
00 4251432
28 4251440
5d 4251448
05 4251456
42 4251464
43 4251472
a0 4251480
06 4251488
34 4251496
42 4251504
03 4251512
01 4251520
00 4251528
43 4251536
34 4251544
42 4251552
34 4251560
34 4251568
28 4251576
28 4251584
06 4251592
28 4251600
4f 4251608
06 4251616
42 4251624
43 4251632
02 4251640
09 4251648
26 4251656
4f 4251664
43 4251672
06 4251680
28 4251688
51 4251696
34 4251704
01 4251712
43 4251720
06 4251728
42 4251736
02 4251744
05 4251752
28 4251760
34 4251768
51 4251776
34 4251784
28 4251792
34 4251800
28 4251808
28 4251816
28 4251824
43 4251832
03 4251840
00 4251848
42 4251856
42 4251864
5e 4251872
06 4251880
57 4251888
22 4251896
22 4251904
43 4251912
43 4251920
4f 4251928
05 4251936
06 4251944
22 4251952
22 4251960
43 4251968
43 4251976
4f 4251984
05 4251992
06 4252000
22 4252008
22 4252016
43 4252024
43 4252032
4f 4252040
05 4252048
06 4252056
22 4252064
22 4252072
43 4252080
43 4252088
4f 4252096
05 4252104
06 4252112
43 4252120
06 4252128
4f 4252136
05 4252144
22 4252152
22 4252160
43 4252168
43 4252176
4f 4252184
05 4252192
05 4252200
45 4252208
01 4252216
43 4252224
06 4252232
4f 4252240
45 4252248
03 4252256
00 4252264
43 4252272
4f 4252280
05 4252288
4f 4252296
05 4252304
22 4252312
05 4252320
43 4252328
43 4252336
06 4252344
42 4252352
a2 4252360
51 4252368
55 4252376
50 4252384
55 4252392
50 4252400
5e 4252408
06 4252416
a2 4252424
51 4252432
43 4252440
28 4252448
43 4252456
43 4252464
52 4252472
42 4252480
54 4252488
52 4252496
4e 4252504
05 4252512
22 4252520
43 4252528
06 4252536
42 4252544
01 4252552
22 4252560
06 4252568
43 4252576
01 4252584
22 4252592
06 4252600
43 4252608
01 4252616
22 4252624
05 4252632
43 4252640
5e 4252648
05 4252656
42 4252664
01 4252672
22 4252680
06 4252688
42 4252696
01 4252704
43 4252712
42 4252720
43 4252728
06 4252736
42 4252744
43 4252752
03 4252760
a3 4252768
a3 4252776
42 4252784
43 4252792
57 4252800
4f 4252808
06 4252816
a2 4252824
51 4252832
4e 4252840
06 4252848
05 4252856
43 4252864
42 4252872
03 4252880
00 4252888
a3 4252896
a3 4252904
a2 4252912
51 4252920
a2 4252928
4e 4252936
06 4252944
06 4252952
43 4252960
0a 4252968
43 4252976
01 4252984
42 4252992
03 4253000
42 4253008
28 4253016
28 4253024
a2 4253032
51 4253040
57 4253048
34 4253056
57 4253064
4f 4253072
43 4253080
4e 4253088
34 4253096
a2 4253104
4e 4253112
34 4253120
34 4253128
06 4253136
28 4253144
06 4253152
05 4253160
43 4253168
34 4253176
28 4253184
06 4253192
43 4253200
01 4253208
a2 4253216
50 4253224
34 4253232
43 4253240
03 4253248
00 4253256
43 4253264
55 4253272
42 4253280
28 4253288
43 4253296
43 4253304
42 4253312
43 4253320
45 4253328
58 4253336
09 4253344
55 4253352
42 4253360
42 4253368
28 4253376
43 4253384
56 4253392
42 4253400
58 4253408
50 4253416
34 4253424
43 4253432
43 4253440
0a 4253448
55 4253456
42 4253464
56 4253472
34 4253480
42 4253488
03 4253496
43 4253504
09 4253512
55 4253520
42 4253528
42 4253536
28 4253544
28 4253552
06 4253560
43 4253568
43 4253576
43 4253584
0a 4253592
42 4253600
01 4253608
43 4253616
5d 4253624
05 4253632
43 4253640
42 4253648
03 4253656
43 4253664
34 4253672
42 4253680
34 4253688
06 4253696
42 4253704
01 4253712
55 4253720
42 4253728
55 4253736
42 4253744
55 4253752
5c 4253760
06 4253768
42 4253776
51 4253784
5d 4253792
06 4253800
5e 4253808
53 4253816
55 4253824
01 4253832
a2 4253840
51 4253848
43 4253856
5d 4253864
06 4253872
43 4253880
58 4253888
a2 4253896
42 4253904
22 4253912
42 4253920
43 4253928
45 4253936
05 4253944
56 4253952
57 4253960
45 4253968
49 4253976
06 4253984
a1 4253992
4c 4254000
4a 4254008
4f 4254016
46 4254024
4c 4254032
55 4254040
5d 4254048
05 4254056
43 4254064
42 4254072
5d 4254080
06 4254088
5d 4254096
05 4254104
43 4254112
42 4254120
45 4254128
49 4254136
06 4254144
a1 4254152
4c 4254160
4a 4254168
46 4254176
4c 4254184
55 4254192
5d 4254200
05 4254208
43 4254216
42 4254224
5d 4254232
06 4254240
5d 4254248
05 4254256
43 4254264
55 4254272
50 4254280
55 4254288
42 4254296
28 4254304
43 4254312
43 4254320
45 4254328
58 4254336
09 4254344
42 4254352
55 4254360
42 4254368
42 4254376
28 4254384
47 4254392
4c 4254400
4a 4254408
42 4254416
47 4254424
4c 4254432
4a 4254440
56 4254448
45 4254456
58 4254464
50 4254472
45 4254480
5d 4254488
45 4254496
05 4254504
45 4254512
5d 4254520
45 4254528
42 4254536
43 4254544
05 4254552
45 4254560
43 4254568
5d 4254576
06 4254584
45 4254592
43 4254600
42 4254608
34 4254616
42 4254624
43 4254632
43 4254640
43 4254648
0a 4254656
47 4254664
4c 4254672
4a 4254680
42 4254688
47 4254696
4c 4254704
4a 4254712
56 4254720
45 4254728
45 4254736
5d 4254744
45 4254752
42 4254760
05 4254768
45 4254776
5d 4254784
45 4254792
42 4254800
43 4254808
05 4254816
45 4254824
43 4254832
5d 4254840
06 4254848
45 4254856
43 4254864
34 4254872
58 4254880
01 4254888
55 4254896
06 4254904
43 4254912
01 4254920
57 4254928
45 4254936
49 4254944
06 4254952
a1 4254960
4c 4254968
4a 4254976
4f 4254984
46 4254992
4c 4255000
55 4255008
5d 4255016
05 4255024
43 4255032
42 4255040
5d 4255048
06 4255056
5d 4255064
05 4255072
43 4255080
42 4255088
45 4255096
49 4255104
06 4255112
a1 4255120
4c 4255128
4a 4255136
46 4255144
4c 4255152
55 4255160
5d 4255168
05 4255176
43 4255184
42 4255192
5d 4255200
06 4255208
5d 4255216
05 4255224
43 4255232
55 4255240
50 4255248
43 4255256
55 4255264
42 4255272
28 4255280
5d 4255288
06 4255296
42 4255304
01 4255312
42 4255320
34 4255328
43 4255336
09 4255344
55 4255352
42 4255360
42 4255368
28 4255376
47 4255384
4c 4255392
4a 4255400
42 4255408
47 4255416
4c 4255424
4a 4255432
45 4255440
45 4255448
5d 4255456
45 4255464
42 4255472
05 4255480
45 4255488
5d 4255496
45 4255504
42 4255512
43 4255520
05 4255528
45 4255536
43 4255544
5d 4255552
06 4255560
45 4255568
43 4255576
42 4255584
34 4255592
43 4255600
43 4255608
43 4255616
0a 4255624
01 4255632
42 4255640
51 4255648
5d 4255656
06 4255664
5e 4255672
53 4255680
55 4255688
01 4255696
a2 4255704
51 4255712
43 4255720
5d 4255728
06 4255736
43 4255744
58 4255752
a2 4255760
42 4255768
22 4255776
42 4255784
43 4255792
45 4255800
05 4255808
55 4255816
42 4255824
28 4255832
56 4255840
43 4255848
45 4255856
58 4255864
09 4255872
57 4255880
4f 4255888
42 4255896
55 4255904
42 4255912
42 4255920
28 4255928
49 4255936
06 4255944
a1 4255952
4c 4255960
4a 4255968
46 4255976
55 4255984
56 4255992
58 4256000
50 4256008
4c 4256016
57 4256024
50 4256032
5d 4256040
05 4256048
43 4256056
42 4256064
5d 4256072
06 4256080
5d 4256088
05 4256096
43 4256104
42 4256112
45 4256120
49 4256128
06 4256136
a1 4256144
4c 4256152
4a 4256160
46 4256168
56 4256176
55 4256184
58 4256192
50 4256200
4c 4256208
4f 4256216
50 4256224
5d 4256232
05 4256240
43 4256248
42 4256256
5d 4256264
06 4256272
5d 4256280
05 4256288
43 4256296
42 4256304
55 4256312
50 4256320
34 4256328
45 4256336
42 4256344
43 4256352
43 4256360
43 4256368
0a 4256376
57 4256384
49 4256392
06 4256400
a1 4256408
4c 4256416
4a 4256424
4f 4256432
46 4256440
55 4256448
56 4256456
4c 4256464
57 4256472
50 4256480
5d 4256488
05 4256496
43 4256504
42 4256512
5d 4256520
06 4256528
5d 4256536
05 4256544
43 4256552
42 4256560
45 4256568
49 4256576
06 4256584
a1 4256592
4c 4256600
4a 4256608
46 4256616
55 4256624
56 4256632
4c 4256640
4f 4256648
50 4256656
5d 4256664
05 4256672
43 4256680
42 4256688
5d 4256696
06 4256704
5d 4256712
05 4256720
43 4256728
42 4256736
55 4256744
50 4256752
34 4256760
45 4256768
58 4256776
01 4256784
43 4256792
55 4256800
42 4256808
28 4256816
5d 4256824
06 4256832
42 4256840
01 4256848
42 4256856
34 4256864
43 4256872
09 4256880
57 4256888
4f 4256896
55 4256904
42 4256912
42 4256920
28 4256928
49 4256936
06 4256944
a1 4256952
4c 4256960
4a 4256968
46 4256976
55 4256984
4c 4256992
57 4257000
50 4257008
5d 4257016
05 4257024
43 4257032
42 4257040
5d 4257048
06 4257056
5d 4257064
05 4257072
43 4257080
42 4257088
45 4257096
49 4257104
06 4257112
a1 4257120
4c 4257128
4a 4257136
46 4257144
55 4257152
4c 4257160
4f 4257168
50 4257176
5d 4257184
05 4257192
43 4257200
42 4257208
5d 4257216
06 4257224
5d 4257232
05 4257240
43 4257248
42 4257256
55 4257264
50 4257272
34 4257280
45 4257288
43 4257296
43 4257304
43 4257312
0a 4257320
42 4257328
28 4257336
28 4257344
43 4257352
03 4257360
00 4257368
a1 4257376
03 4257384
43 4257392
45 4257400
42 4257408
42 4257416
28 4257424
47 4257432
4c 4257440
4a 4257448
42 4257456
5d 4257464
42 4257472
43 4257480
34 4257488
43 4257496
43 4257504
06 4257512
43 4257520
03 4257528
43 4257536
45 4257544
42 4257552
28 4257560
43 4257568
28 4257576
42 4257584
5d 4257592
42 4257600
5d 4257608
42 4257616
34 4257624
43 4257632
43 4257640
43 4257648
06 4257656
42 4257664
43 4257672
03 4257680
00 4257688
43 4257696
34 4257704
28 4257712
34 4257720
42 4257728
34 4257736
42 4257744
34 4257752
42 4257760
34 4257768
42 4257776
43 4257784
34 4257792
34 4257800
34 4257808
34 4257816
34 4257824
34 4257832
05 4257840
5c 4257848
05 4257856
05 4257864
01 4257872
43 4257880
05 4257888
01 4257896
28 4257904
48 4257912
06 4257920
a1 4257928
43 4257936
06 4257944
a2 4257952
06 4257960
a1 4257968
4c 4257976
01 4257984
55 4257992
42 4258000
28 4258008
28 4258016
5d 4258024
06 4258032
43 4258040
34 4258048
45 4258056
43 4258064
09 4258072
57 4258080
4f 4258088
55 4258096
42 4258104
42 4258112
28 4258120
49 4258128
06 4258136
a1 4258144
4c 4258152
4a 4258160
46 4258168
55 4258176
4c 4258184
57 4258192
50 4258200
5d 4258208
05 4258216
43 4258224
42 4258232
5d 4258240
06 4258248
5d 4258256
05 4258264
43 4258272
42 4258280
45 4258288
49 4258296
06 4258304
a1 4258312
4c 4258320
4a 4258328
46 4258336
55 4258344
4c 4258352
4f 4258360
50 4258368
5d 4258376
05 4258384
43 4258392
42 4258400
5d 4258408
06 4258416
5d 4258424
05 4258432
43 4258440
42 4258448
55 4258456
50 4258464
34 4258472
45 4258480
43 4258488
43 4258496
43 4258504
0a 4258512
34 4258520
01 4258528
55 4258536
43 4258544
42 4258552
28 4258560
28 4258568
28 4258576
28 4258584
5d 4258592
06 4258600
5d 4258608
06 4258616
5d 4258624
06 4258632
43 4258640
34 4258648
45 4258656
45 4258664
5d 4258672
45 4258680
42 4258688
45 4258696
43 4258704
09 4258712
5d 4258720
55 4258728
42 4258736
43 4258744
06 4258752
43 4258760
42 4258768
5d 4258776
05 4258784
28 4258792
45 4258800
42 4258808
5d 4258816
42 4258824
42 4258832
34 4258840
01 4258848
45 4258856
45 4258864
01 4258872
57 4258880
49 4258888
06 4258896
a1 4258904
4c 4258912
4a 4258920
4f 4258928
46 4258936
55 4258944
4c 4258952
57 4258960
50 4258968
5d 4258976
05 4258984
43 4258992
42 4259000
5d 4259008
06 4259016
5d 4259024
05 4259032
43 4259040
42 4259048
45 4259056
49 4259064
06 4259072
a1 4259080
4c 4259088
4a 4259096
46 4259104
55 4259112
4c 4259120
4f 4259128
50 4259136
5d 4259144
05 4259152
43 4259160
42 4259168
5d 4259176
06 4259184
5d 4259192
05 4259200
43 4259208
42 4259216
55 4259224
50 4259232
45 4259240
47 4259248
4c 4259256
4a 4259264
28 4259272
5d 4259280
06 4259288
06 4259296
5d 4259304
05 4259312
43 4259320
45 4259328
5d 4259336
45 4259344
42 4259352
42 4259360
5d 4259368
05 4259376
34 4259384
45 4259392
45 4259400
5d 4259408
45 4259416
42 4259424
43 4259432
43 4259440
0a 4259448
34 4259456
34 4259464
01 4259472
55 4259480
42 4259488
55 4259496
42 4259504
28 4259512
28 4259520
28 4259528
5d 4259536
06 4259544
5d 4259552
06 4259560
45 4259568
45 4259576
43 4259584
02 4259592
09 4259600
45 4259608
42 4259616
45 4259624
42 4259632
02 4259640
43 4259648
34 4259656
28 4259664
45 4259672
43 4259680
09 4259688
55 4259696
45 4259704
55 4259712
42 4259720
43 4259728
34 4259736
34 4259744
43 4259752
43 4259760
06 4259768
43 4259776
01 4259784
57 4259792
49 4259800
06 4259808
a1 4259816
4c 4259824
4a 4259832
4f 4259840
46 4259848
26 4259856
4c 4259864
55 4259872
50 4259880
5d 4259888
05 4259896
43 4259904
42 4259912
5d 4259920
06 4259928
5d 4259936
05 4259944
43 4259952
42 4259960
45 4259968
49 4259976
06 4259984
a1 4259992
4c 4260000
4a 4260008
46 4260016
26 4260024
4c 4260032
55 4260040
50 4260048
5d 4260056
05 4260064
43 4260072
42 4260080
5d 4260088
06 4260096
5d 4260104
05 4260112
43 4260120
42 4260128
55 4260136
50 4260144
45 4260152
47 4260160
4c 4260168
4a 4260176
01 4260184
28 4260192
5d 4260200
05 4260208
43 4260216
42 4260224
5d 4260232
06 4260240
5d 4260248
45 4260256
45 4260264
5d 4260272
06 4260280
05 4260288
28 4260296
28 4260304
42 4260312
42 4260320
45 4260328
42 4260336
02 4260344
28 4260352
05 4260360
42 4260368
28 4260376
42 4260384
42 4260392
02 4260400
06 4260408
02 4260416
43 4260424
34 4260432
28 4260440
43 4260448
43 4260456
0a 4260464
28 4260472
28 4260480
28 4260488
28 4260496
28 4260504
28 4260512
28 4260520
28 4260528
28 4260536
28 4260544
28 4260552
43 4260560
03 4260568
28 4260576
43 4260584
43 4260592
43 4260600
45 4260608
5b 4260616
42 4260624
56 4260632
05 4260640
43 4260648
43 4260656
28 4260664
43 4260672
58 4260680
42 4260688
56 4260696
50 4260704
34 4260712
43 4260720
43 4260728
5b 4260736
06 4260744
55 4260752
42 4260760
58 4260768
34 4260776
42 4260784
03 4260792
43 4260800
45 4260808
42 4260816
28 4260824
43 4260832
28 4260840
42 4260848
5d 4260856
45 4260864
5d 4260872
42 4260880
34 4260888
43 4260896
43 4260904
43 4260912
06 4260920
42 4260928
43 4260936
03 4260944
00 4260952
43 4260960
34 4260968
42 4260976
34 4260984
42 4260992
34 4261000
42 4261008
43 4261016
42 4261024
43 4261032
34 4261040
02 4261048
a2 4261056
51 4261064
43 4261072
28 4261080
28 4261088
42 4261096
42 4261104
34 4261112
43 4261120
34 4261128
54 4261136
34 4261144
34 4261152
34 4261160
34 4261168
34 4261176
51 4261184
51 4261192
34 4261200
34 4261208
02 4261216
28 4261224
30 4261232
28 4261240
28 4261248
28 4261256
28 4261264
43 4261272
03 4261280
00 4261288
01 4261296
00 4261304
43 4261312
a0 4261320
06 4261328
00 4261336
03 4261344
00 4261352
01 4261360
00 4261368
43 4261376
a0 4261384
06 4261392
00 4261400
03 4261408
00 4261416
01 4261424
00 4261432
43 4261440
a0 4261448
06 4261456
00 4261464
03 4261472
00 4261480
01 4261488
00 4261496
43 4261504
a0 4261512
06 4261520
00 4261528
03 4261536
00 4261544
01 4261552
00 4261560
43 4261568
a0 4261576
06 4261584
00 4261592
03 4261600
00 4261608
01 4261616
00 4261624
43 4261632
a0 4261640
06 4261648
00 4261656
03 4261664
00 4261672
01 4261680
00 4261688
43 4261696
a0 4261704
06 4261712
00 4261720
03 4261728
00 4261736
43 4261744
a2 4261752
34 4261760
28 4261768
51 4261776
43 4261784
34 4261792
02 4261800
5e 4261808
34 4261816
28 4261824
28 4261832
43 4261840
03 4261848
43 4261856
45 4261864
42 4261872
42 4261880
28 4261888
47 4261896
4c 4261904
4a 4261912
42 4261920
5d 4261928
42 4261936
28 4261944
43 4261952
43 4261960
45 4261968
5d 4261976
42 4261984
34 4261992
43 4262000
06 4262008
42 4262016
43 4262024
03 4262032
00 4262040
01 4262048
00 4262056
43 4262064
a0 4262072
06 4262080
00 4262088
03 4262096
00 4262104
43 4262112
42 4262120
42 4262128
42 4262136
42 4262144
06 4262152
5d 4262160
05 4262168
42 4262176
51 4262184
5d 4262192
06 4262200
5e 4262208
42 4262216
06 4262224
43 4262232
01 4262240
a2 4262248
51 4262256
5d 4262264
43 4262272
06 4262280
43 4262288
58 4262296
a2 4262304
42 4262312
22 4262320
42 4262328
43 4262336
45 4262344
05 4262352
56 4262360
56 4262368
43 4262376
45 4262384
58 4262392
50 4262400
56 4262408
01 4262416
06 4262424
43 4262432
49 4262440
06 4262448
a1 4262456
4c 4262464
42 4262472
51 4262480
5d 4262488
06 4262496
5e 4262504
42 4262512
06 4262520
43 4262528
01 4262536
a2 4262544
51 4262552
5d 4262560
43 4262568
06 4262576
43 4262584
58 4262592
a2 4262600
42 4262608
22 4262616
42 4262624
43 4262632
45 4262640
06 4262648
45 4262656
01 4262664
43 4262672
45 4262680
56 4262688
58 4262696
56 4262704
58 4262712
50 4262720
56 4262728
57 4262736
49 4262744
06 4262752
a1 4262760
4c 4262768
4a 4262776
4f 4262784
46 4262792
4c 4262800
55 4262808
57 4262816
50 4262824
5d 4262832
05 4262840
42 4262848
5d 4262856
06 4262864
5d 4262872
05 4262880
42 4262888
45 4262896
49 4262904
06 4262912
a1 4262920
4c 4262928
4a 4262936
46 4262944
4c 4262952
55 4262960
4f 4262968
50 4262976
5d 4262984
05 4262992
42 4263000
5d 4263008
06 4263016
5d 4263024
05 4263032
42 4263040
45 4263048
57 4263056
49 4263064
06 4263072
a1 4263080
4c 4263088
4a 4263096
4f 4263104
46 4263112
4c 4263120
55 4263128
57 4263136
50 4263144
5d 4263152
05 4263160
42 4263168
5d 4263176
06 4263184
5d 4263192
05 4263200
42 4263208
45 4263216
49 4263224
06 4263232
a1 4263240
4c 4263248
4a 4263256
46 4263264
4c 4263272
55 4263280
4f 4263288
50 4263296
5d 4263304
05 4263312
42 4263320
5d 4263328
06 4263336
5d 4263344
05 4263352
42 4263360
45 4263368
05 4263376
58 4263384
42 4263392
01 4263400
5d 4263408
05 4263416
05 4263424
42 4263432
42 4263440
01 4263448
42 4263456
51 4263464
5d 4263472
06 4263480
5e 4263488
42 4263496
06 4263504
43 4263512
01 4263520
a2 4263528
51 4263536
5d 4263544
43 4263552
06 4263560
43 4263568
58 4263576
a2 4263584
42 4263592
22 4263600
42 4263608
43 4263616
45 4263624
06 4263632
5d 4263640
06 4263648
5d 4263656
06 4263664
45 4263672
45 4263680
5d 4263688
45 4263696
42 4263704
05 4263712
42 4263720
42 4263728
01 4263736
43 4263744
45 4263752
56 4263760
58 4263768
50 4263776
56 4263784
58 4263792
56 4263800
58 4263808
50 4263816
56 4263824
57 4263832
49 4263840
06 4263848
a1 4263856
4c 4263864
4a 4263872
4f 4263880
46 4263888
4c 4263896
57 4263904
55 4263912
50 4263920
5d 4263928
05 4263936
43 4263944
42 4263952
5d 4263960
06 4263968
5d 4263976
05 4263984
43 4263992
42 4264000
45 4264008
49 4264016
06 4264024
a1 4264032
4c 4264040
4a 4264048
46 4264056
4c 4264064
55 4264072
4f 4264080
50 4264088
5d 4264096
05 4264104
43 4264112
42 4264120
5d 4264128
06 4264136
5d 4264144
05 4264152
43 4264160
42 4264168
55 4264176
50 4264184
45 4264192
47 4264200
4c 4264208
4a 4264216
5d 4264224
06 4264232
06 4264240
5d 4264248
05 4264256
45 4264264
45 4264272
5d 4264280
45 4264288
42 4264296
05 4264304
45 4264312
45 4264320
5d 4264328
45 4264336
56 4264344
58 4264352
50 4264360
58 4264368
35 4264376
29 4264384
43 4264392
03 4264400
00 4264408
42 4264416
42 4264424
42 4264432
42 4264440
06 4264448
5d 4264456
05 4264464
42 4264472
51 4264480
5d 4264488
06 4264496
5e 4264504
42 4264512
06 4264520
43 4264528
01 4264536
a2 4264544
51 4264552
5d 4264560
43 4264568
06 4264576
43 4264584
58 4264592
a2 4264600
42 4264608
22 4264616
42 4264624
43 4264632
45 4264640
05 4264648
56 4264656
56 4264664
43 4264672
45 4264680
58 4264688
50 4264696
56 4264704
57 4264712
49 4264720
06 4264728
a1 4264736
4c 4264744
4a 4264752
4f 4264760
46 4264768
4c 4264776
55 4264784
57 4264792
50 4264800
5d 4264808
05 4264816
43 4264824
42 4264832
5d 4264840
06 4264848
5d 4264856
05 4264864
43 4264872
42 4264880
45 4264888
49 4264896
06 4264904
a1 4264912
4c 4264920
4a 4264928
46 4264936
4c 4264944
55 4264952
4f 4264960
50 4264968
5d 4264976
05 4264984
43 4264992
42 4265000
5d 4265008
06 4265016
5d 4265024
05 4265032
43 4265040
55 4265048
50 4265056
01 4265064
06 4265072
43 4265080
49 4265088
06 4265096
a1 4265104
4c 4265112
42 4265120
51 4265128
5d 4265136
06 4265144
5e 4265152
42 4265160
06 4265168
43 4265176
01 4265184
a2 4265192
51 4265200
5d 4265208
43 4265216
06 4265224
43 4265232
58 4265240
a2 4265248
42 4265256
22 4265264
42 4265272
43 4265280
45 4265288
06 4265296
45 4265304
43 4265312
01 4265320
43 4265328
45 4265336
56 4265344
58 4265352
56 4265360
58 4265368
50 4265376
56 4265384
57 4265392
49 4265400
06 4265408
a1 4265416
4c 4265424
4a 4265432
4f 4265440
46 4265448
4c 4265456
57 4265464
55 4265472
50 4265480
5d 4265488
05 4265496
43 4265504
42 4265512
5d 4265520
06 4265528
5d 4265536
05 4265544
43 4265552
42 4265560
45 4265568
49 4265576
06 4265584
a1 4265592
4c 4265600
4a 4265608
46 4265616
4c 4265624
55 4265632
4f 4265640
50 4265648
5d 4265656
05 4265664
43 4265672
42 4265680
5d 4265688
06 4265696
5d 4265704
05 4265712
43 4265720
42 4265728
55 4265736
50 4265744
45 4265752
57 4265760
49 4265768
06 4265776
a1 4265784
4c 4265792
4a 4265800
4f 4265808
46 4265816
4c 4265824
55 4265832
57 4265840
50 4265848
5d 4265856
05 4265864
43 4265872
42 4265880
5d 4265888
06 4265896
5d 4265904
05 4265912
43 4265920
42 4265928
45 4265936
49 4265944
06 4265952
a1 4265960
4c 4265968
4a 4265976
46 4265984
4c 4265992
55 4266000
4f 4266008
50 4266016
5d 4266024
05 4266032
43 4266040
42 4266048
5d 4266056
06 4266064
5d 4266072
05 4266080
43 4266088
55 4266096
50 4266104
01 4266112
5d 4266120
05 4266128
42 4266136
01 4266144
42 4266152
51 4266160
5d 4266168
06 4266176
5e 4266184
42 4266192
06 4266200
43 4266208
01 4266216
a2 4266224
51 4266232
5d 4266240
43 4266248
06 4266256
43 4266264
58 4266272
a2 4266280
42 4266288
22 4266296
42 4266304
43 4266312
45 4266320
06 4266328
5d 4266336
06 4266344
5d 4266352
06 4266360
43 4266368
01 4266376
43 4266384
45 4266392
56 4266400
58 4266408
50 4266416
56 4266424
58 4266432
56 4266440
58 4266448
50 4266456
56 4266464
57 4266472
49 4266480
06 4266488
a1 4266496
4c 4266504
4a 4266512
4f 4266520
46 4266528
4c 4266536
57 4266544
55 4266552
50 4266560
5d 4266568
05 4266576
43 4266584
42 4266592
5d 4266600
06 4266608
5d 4266616
05 4266624
43 4266632
42 4266640
45 4266648
49 4266656
06 4266664
a1 4266672
4c 4266680
4a 4266688
46 4266696
4c 4266704
55 4266712
4f 4266720
50 4266728
5d 4266736
05 4266744
43 4266752
42 4266760
5d 4266768
06 4266776
5d 4266784
05 4266792
43 4266800
42 4266808
55 4266816
50 4266824
45 4266832
47 4266840
4c 4266848
4a 4266856
5d 4266864
06 4266872
06 4266880
5d 4266888
05 4266896
43 4266904
42 4266912
42 4266920
42 4266928
42 4266936
42 4266944
03 4266952
