#peid	destion	rate	packet_size	packet_num	start_time	end_time
# test 1
# 0	3	10	10	1000	0	10000
# 8	11	30	10	1000	0	10000
# 9	12	40	10	1000	0	10000
# 16	19	10	10	1000	0	10000
# 17	20	10	10	1000	0	10000
# 24	27	15	10	1000	0	10000
# 25	28	25	10	1000	0	10000
# test 2
# 43	22	10	10	1000	0	10000
# 37	39	10	10	1000	0	10000
# 38	14	10	10	1000	0	10000
# 36	52	10	10	1000	0	10000
# test 3
# 43	46	10	10	1000	0	10000
#48	33	10	10	1000	0	10000
#51	57	10	10	1000	0	10000
#60	36	10	10	1000	0	10000
# test 4
# 43	46	10	10	1000	0	10000
48	3	5	5	100	0	10000
35	33	5	5	100	0	10000
