RR3000.000000|1900.000000|18.233158|0.190000|0.000000|0.000000|0.000000|0.000000|0.000000|15.993333|0.000000|600.000000

RR3001.000000|2403.000000|23.330295|0.240300|0.000000|0.000000|0.000000|0.000000|0.000000|22.527660|0.000000|1880.000000

RR12752.000000|5809.000000|16.329867|0.580900|0.000000|0.000000|0.000000|0.000000|0.000000|610.638273|9570.000000|1876.000000

RR3000.000000|2795.000000|26.200537|0.279500|0.000000|0.000000|0.000000|0.000000|0.000000|24.413118|0.000000|1982.000000

RR12678.000000|4083.000000|19.043791|0.408300|0.000000|0.000000|0.000000|0.000000|0.000000|537.531719|9813.000000|1507.000000

RR3001.000000|2308.000000|23.951993|0.230800|0.000000|0.000000|0.000000|0.000000|0.000000|23.295288|0.000000|1910.000000





