43 00 00 00 5
34 00 00 00 5
34 00 00 00 5
42 00 00 00 5
02 00 00 00 5
02 00 00 00 15
34 00 00 00 15
a2 00 00 00 16
43 00 00 00 16
28 00 00 00 16
02 00 00 00 16
28 00 00 00 17
06 00 00 00 17
43 00 00 00 18
34 00 00 00 18
43 00 00 00 21
02 00 00 00 21
34 00 00 00 21
43 00 00 00 22
02 00 00 00 22
34 00 00 00 22
43 00 00 00 23
34 00 00 00 23
43 00 00 00 24
34 00 00 00 24
43 00 00 00 25
28 00 00 00 25
34 00 00 00 25
43 00 00 00 25
42 00 00 00 25
43 00 00 00 25
43 00 00 00 25
02 00 00 00 25
43 00 00 00 26
28 00 00 00 26
34 00 00 00 26
43 00 00 00 26
42 00 00 00 26
43 00 00 00 26
43 00 00 00 26
02 00 00 00 26
28 00 00 00 27
28 00 00 00 27
29 00 00 00 27
35 00 00 00 27
a2 00 00 00 27
43 00 00 00 27
29 00 00 00 27
02 00 00 00 27
28 00 00 00 28
28 00 00 00 28
29 00 00 00 28
35 00 00 00 28
a2 00 00 00 28
43 00 00 00 28
29 00 00 00 28
02 00 00 00 28
28 00 00 00 31
43 00 00 00 31
06 00 00 00 31
43 00 00 00 33
02 00 00 00 33
34 00 00 00 33
43 00 00 00 35
02 00 00 00 35
34 00 00 00 35
43 00 00 00 36
02 00 00 00 36
34 00 00 00 36
42 00 00 00 37
43 00 00 00 37
43 00 00 00 37
02 00 00 00 37
05 00 00 00 37
42 00 00 00 37
43 00 00 00 37
43 00 00 00 37
02 00 00 00 37
43 00 00 00 37
05 00 00 00 37
01 00 00 00 37
01 00 00 00 37
42 00 00 00 39
43 00 00 00 39
28 00 00 00 39
28 00 00 00 39
02 00 00 00 39
28 00 00 00 40
28 00 00 00 40
28 00 00 00 40
29 00 00 00 40
35 00 00 00 40
28 00 00 00 40
29 00 00 00 40
35 00 00 00 40
a2 00 00 00 40
43 00 00 00 40
28 00 00 00 40
28 00 00 00 40
02 00 00 00 40
42 00 00 00 42
43 00 00 00 42
43 00 00 00 42
02 00 00 00 42
05 00 00 00 42
42 00 00 00 42
43 00 00 00 42
43 00 00 00 42
02 00 00 00 42
43 00 00 00 42
05 00 00 00 42
01 00 00 00 42
01 00 00 00 42
43 00 00 00 44
42 00 00 00 44
43 00 00 00 44
42 00 00 00 44
28 00 00 00 44
02 00 00 00 44
28 00 00 00 45
28 00 00 00 45
29 00 00 00 45
35 00 00 00 45
a2 00 00 00 45
43 00 00 00 45
28 00 00 00 45
29 00 00 00 45
02 00 00 00 45
42 00 00 00 54
28 00 00 00 54
28 00 00 00 54
43 00 00 00 54
03 00 00 00 54
