30001	24	0	8	0	240	10	
30102	10	0	1	0	110	11	
30003	20	0	6	0	260	13	
40001	10	0	1	0	100	10	
40002	12	0	2	0	156	13	
40103	14	0	2	2	140	10	
40203	10	0	1	0	120	12	
40304	10	0	1	0	140	14	
10001	24	0	8	0	240	10	
10102	10	0	1	0	120	12	
10003	20	0	6	0	240	12	
10203	11	0	1	1	143	13	
10204	13	0	2	1	156	12	
10105	16	0	4	0	176	11	
10306	34.1818	1	3	20.1818	376	11	
10506	10	0	1	0	130	13	
10307	43	1	4	27	559	13	
10507	22.7143	1	2	10.7143	159	7	
10708	10	0	1	0	80	8	
10409	16	0	4	0	160	10	
10810	28.5455	0	7	6.54545	314	11	
10811	28.0714	0	6	8.07143	393	14	
11011	21.9286	1	1	11.9286	307	14	
10912	14	0	3	0	98	7	
10913	16	0	4	0	224	14	
10614	10	0	1	0	70	7	
10714	12.3571	0	2	0.357143	173	14	
1	10	0	1	0	140	14	
102	10	0	1	0	140	14	
3	14	0	3	0	98	7	
103	12	0	2	0	96	8	
203	10	0	1	0	100	10	
204	12	0	2	0	168	14	
405	10	0	1	0	90	9	
406	12	0	2	0	132	11	
607	24	0	8	0	336	14	
608	22	0	7	0	198	9	
809	10	0	1	0	100	10	
510	16	0	4	0	160	10	
810	12	0	2	0	144	12	
311	10	0	1	0	90	9	
1012	12	0	2	0	84	7	
1013	14	0	3	0	112	8	
1113	12	0	2	0	168	14	
20001	10	0	1	0	70	7	
20002	22	0	7	0	242	11	
20203	10	0	1	0	120	12	
20304	10	0	1	0	130	13	
20305	12	0	2	0	120	10	
20206	16	0	4	0	160	10	
20506	21.8462	1	1	11.8462	284	13	
20507	25	1	2	13	250	10	
20607	10	0	1	0	140	14	
20708	22.8571	1	1	12.8571	320	14	
20709	27	1	2	15	324	12	
20910	47	1	8	23	470	10	
20111	24	0	8	0	216	9	
20812	18	0	5	0	144	8	
20813	28.8571	1	4	12.8571	404	14	
20414	14	0	3	0	84	6	
21314	10	0	1	0	130	13	
20115	16	0	4	0	160	10	
21315	12.3846	0	2	0.384615	161	13	
21415	18.4444	0	1	8.44444	166	9	
20416	20.1429	0	5	2.14286	141	7	
20616	16.3077	0	3	2.30769	212	13	
21416	21	0	2	9	210	10	
80001	10	0	1	0	70	7	
80102	10	0	1	0	90	9	
80103	12	0	2	0	132	11	
80204	12	0	2	0	96	8	
80305	12	0	2	0	96	8	
50001	24	0	8	0	312	13	
50102	10	0	1	0	130	13	
50003	20	0	6	0	240	12	
50304	35.3846	1	1	25.3846	460	13	
50105	66.9286	1	4	50.9286	937	14	
50205	125.357	1	3	111.357	1755	14	
50305	102.5	1	2	90.5	1025	10	
50406	29	1	2	17	203	7	
50207	185.923	1	5	167.923	2417	13	
50608	30.5	1	2	18.5	244	8	
50409	48	1	4	32	528	11	
50510	39.2143	1	4	23.2143	549	14	
50610	137.5	1	5	119.5	1925	14	
50910	44.5	1	1	34.5	623	14	
50811	112.545	1	6	92.5455	1238	11	
50712	111.25	1	4	95.25	890	8	
50913	83	1	4	67	747	9	
51013	14	0	3	0	154	11	
51213	11	0	1	1	154	14	
51314	16.375	0	1	6.375	131	8	
51315	19	0	2	7	152	8	
50716	108	1	2	96	756	7	
51216	17.3571	0	4	1.35714	243	14	
51416	12	0	2	0	72	6	
60001	24	0	8	0	312	13	
60002	22	0	7	0	220	10	
60203	31.9231	1	1	21.9231	415	13	
60204	42.3846	1	2	30.3846	551	13	
60105	16	0	4	0	96	6	
60106	27.5455	0	5	9.54545	303	11	
60306	19.6429	0	3	5.64286	275	14	
60406	16	0	2	4	160	10	
60407	19.0714	0	3	5.07143	267	14	
60608	23.75	1	2	11.75	285	12	
60809	24	0	8	0	312	13	
110001	10	0	1	0	140	14	
110002	12	0	2	0	144	12	
110103	17.1538	0	2	5.15385	223	13	
110204	22.5	1	2	10.5	225	10	
110205	26	1	3	12	364	14	
110106	22	0	5	4	220	10	
110307	20	0	6	0	280	14	
70001	10	0	1	0	140	14	
70102	10	0	1	0	120	12	
70203	11	0	1	1	154	14	
70004	16	0	4	0	112	7	
70104	14	0	3	0	168	12	
70304	10	0	1	0	100	10	
70405	15.5833	0	1	5.58333	187	12	
70306	14.3846	0	3	0.384615	187	13	
70406	18	0	2	6	126	7	
70506	10	0	1	0	70	7	
70207	17	0	4	1	238	14	
70507	22	0	7	0	220	10	
70607	24	0	8	0	192	8	
90001	10	0	1	0	140	14	
90102	16.5	0	1	6.5	165	10	
90103	19.3571	0	2	7.35714	271	14	
90004	16.3846	0	4	0.384615	213	13	
90204	18.375	0	2	6.375	147	8	
90304	27	1	1	17	270	10	
90205	26	1	3	12	260	10	
90305	34	1	2	22	476	14	
150001	14	0	3	0	98	7	
150002	16	0	4	0	176	11	
150102	10	0	1	0	110	11	
150203	10	0	1	0	110	11	
100001	24	0	8	0	264	11	
100102	10	0	1	0	120	12	
100103	12	0	2	0	156	13	
100004	18	0	5	0	252	14	
100204	17.5714	0	2	5.57143	246	14	
100304	32.5	1	1	22.5	325	10	
100205	58.5	1	3	44.5	468	8	
100305	70.5	1	2	58.5	705	10	
100405	14	0	1	4	182	13	
100506	10	0	1	0	140	14	
100607	10	0	1	0	120	12	
100608	12	0	2	0	168	14	
100509	18	0	5	0	180	10	
120001	10	0	1	0	100	10	
120002	12	0	2	0	156	13	
120103	17.5714	0	2	5.57143	246	14	
120203	22.8571	1	1	12.8571	160	7	
120304	10	0	1	0	140	14	
120405	24	0	8	0	240	10	
120406	22	0	7	0	308	14	
160001	10	0	1	0	130	13	
160002	12.3846	0	2	0.384615	161	13	
160102	14.2857	0	1	4.28571	100	7	
160103	17	0	2	5	170	10	
160304	10	0	1	0	120	12	
160305	12	0	2	0	156	13	
160206	14	0	3	0	168	12	
160207	27.5385	1	4	11.5385	358	13	
160607	37	1	3	23	333	9	
160408	44.7857	1	5	26.7857	627	14	
160608	104.929	1	4	88.9286	1469	14	
160708	42.4286	1	1	32.4286	594	14	
160509	18	0	5	0	252	14	
160709	68	1	2	56	612	9	
160809	10	0	1	0	130	13	
140001	10	0	1	0	70	7	
140002	13.0714	0	2	1.07143	183	14	
140102	19.5	0	1	9.5	195	10	
140103	23	1	2	11	207	9	
140203	10	0	1	0	100	10	
140204	12	0	2	0	120	10	
140305	12	0	2	0	168	14	
140306	14	0	3	0	182	13	
140407	20	0	6	0	260	13	
140507	41	1	7	19	287	7	
140608	74.5455	1	7	52.5455	820	11	
140609	111.5	1	6	91.5	1115	10	
140410	30.0714	1	3	16.0714	421	14	
140510	97.3571	1	4	81.3571	1363	14	
140710	34	1	3	20	306	9	
140811	72.1538	1	3	58.1538	938	13	
140712	61.8462	1	5	43.8462	804	13	
140812	113.417	1	4	97.4167	1361	12	
141012	46.5	1	2	34.5	651	14	
141113	19.6429	0	2	7.64286	275	14	
141114	59	1	7	37	649	11	
141214	40.3636	1	8	16.3636	444	11	
141314	54.5	1	9	28.5	545	10	
130001	28	0	8	4	308	11	
130002	26	0	7	4	286	11	
130102	10	0	1	0	100	10	
130203	10	0	1	0	130	13	
130204	12	0	2	0	120	10	
130405	10	0	1	0	70	7	
130106	18	0	5	0	180	10	
130406	12	0	2	0	84	7	
130607	10	0	1	0	70	7	
130608	12	0	2	0	168	14	
130309	14	0	3	0	168	12	
130509	18	0	5	0	180	10	
130809	24	0	8	0	312	13	
130710	24	0	8	0	264	11	
130911	67.1538	1	6	47.1538	873	13	
130912	157.636	1	7	135.636	1734	11	
131113	12	0	2	0	72	6	
131213	10	0	1	0	110	11	
131014	16	0	4	0	224	14	
131015	18	0	5	0	180	10	
131316	20	0	6	0	280	14	
131617	10	0	1	0	100	10	
131618	12	0	2	0	144	12	
170001	24	0	8	0	144	6	
170102	10	0	1	0	120	12	
170203	10	0	1	0	130	13	
170004	18	0	5	0	252	14	
170304	10	0	1	0	130	13	
170205	14	0	3	0	154	11	
170106	18	0	5	0	126	7	
170406	63	1	2	51	441	7	
170506	16.25	0	1	6.25	130	8	
170507	62	1	2	50	682	11	
170308	47.5	1	5	29.5	475	10	
170408	82	1	4	66	656	8	
170708	10	0	1	0	100	10	
170609	21.5	0	6	1.5	215	10	
170709	47.5	1	7	25.5	475	10	
170809	81.4167	1	8	57.4167	977	12	
170610	61.5	1	3	47.5	861	14	
171011	10	0	1	0	120	12	
170812	81	1	3	67	810	10	
171013	27.75	1	3	13.75	333	12	
171214	26.5	1	2	14.5	159	6	
190001	20	0	6	0	260	13	
190002	27.0714	0	9	1.07143	379	14	
190102	22.75	0	3	8.75	273	12	
190203	10	0	1	0	140	14	
210001	24	0	8	0	168	7	
210002	22	0	7	0	264	12	
210102	10	0	1	0	140	14	
210103	14.1429	0	2	2.14286	198	14	
210203	24.6923	1	1	14.6923	321	13	
180001	10	0	1	0	140	14	
180102	10	0	1	0	140	14	
180103	12	0	2	0	156	13	
180304	10	0	1	0	140	14	
200001	10	0	1	0	70	7	
200002	12	0	2	0	120	10	
200102	10	0	1	0	100	10	
200103	12	0	2	0	156	13	
200304	10	0	1	0	120	12	
200305	12	0	2	0	168	14	
220001	10	0	1	0	90	9	
220002	12	0	2	0	168	14	
220203	10	0	1	0	80	8	
220304	10	0	1	0	60	6	
220305	22	0	7	0	286	13	
220106	16	0	4	0	160	10	
220107	14	0	3	0	168	12	
220508	49.5833	1	3	35.5833	595	12	
220708	16.5	0	1	6.5	165	10	
220609	14	0	3	0	98	7	
220610	16.8333	0	4	0.833333	101	6	
220511	56	1	6	36	672	12	
220711	85.3333	1	4	69.3333	1024	12	
220912	45.1538	1	3	31.1538	587	13	
221012	35.5	1	2	23.5	355	10	
220413	26	0	9	0	260	10	
220214	24	0	8	0	240	10	
240001	10	0	1	0	100	10	
240102	10	0	1	0	90	9	
240203	10	0	1	0	100	10	
240004	18	0	5	0	252	14	
240204	22	0	7	0	264	12	
240304	24	0	8	0	336	14	
240405	10	0	1	0	120	12	
240506	10	0	1	0	140	14	
240507	12	0	2	0	132	11	
250001	20	0	6	0	140	7	
250002	26	0	9	0	338	13	
250103	12	0	2	0	144	12	
250203	10	0	1	0	100	10	
250304	16	0	4	0	128	8	
250405	10	0	1	0	130	13	
250506	10	0	1	0	120	12	
250507	12	0	2	0	120	10	
230001	24	0	8	0	240	10	
230002	22	0	7	0	286	13	
230203	43	1	1	33	559	13	
230304	25.2727	1	1	15.2727	278	11	
230305	30.3571	1	2	18.3571	425	14	
230106	19.0714	0	5	1.07143	267	14	
230206	86.1429	1	4	70.1429	1206	14	
230506	23.6923	1	1	13.6923	308	13	
230407	20.1667	0	3	6.16667	121	6	
230408	26	0	4	10	260	10	
230709	22	0	7	0	198	9	
230110	56	1	4	40	616	11	
230610	15	0	3	1	210	14	
230710	16	0	4	0	224	14	
230911	16	0	4	0	160	10	
231012	12	0	2	0	96	8	
231013	14	0	3	0	140	10	
231314	10	0	1	0	120	12	
231315	18	0	5	0	180	10	
231216	14	0	3	0	98	7	
270001	10	0	1	0	130	13	
270002	12	0	2	0	120	10	
270203	10	0	1	0	100	10	
270104	14	0	3	0	98	7	
270105	18	0	5	0	126	7	
270206	40.2727	1	5	22.2727	443	11	
270306	91.5714	1	6	71.5714	1282	14	
270407	46.1111	1	6	26.1111	415	9	
270507	32.7143	1	2	20.7143	458	14	
260001	10	0	1	0	140	14	
260102	10	0	1	0	100	10	
260103	12.3571	0	2	0.357143	173	14	
260304	28	1	1	18	196	7	
260005	18	0	5	0	180	10	
260205	22.6154	0	3	8.61538	294	13	
260405	24.8571	1	1	14.8571	348	14	
260206	50	1	4	34	550	11	
260306	67	1	3	53	804	12	
260506	10	0	1	0	70	7	
260607	24	0	8	0	192	8	
260708	10	0	1	0	140	14	
260709	12	0	2	0	72	6	
260610	58.5	1	9	32.5	819	14	
260511	22	0	7	0	286	13	
260811	30.0714	1	3	16.0714	421	14	
260911	42.9286	1	2	30.9286	601	14	
280001	10	0	1	0	130	13	
280102	10	0	1	0	100	10	
280103	14.1429	0	2	2.14286	198	14	
280004	16	0	4	0	176	11	
280204	25.5	1	2	13.5	306	12	
280305	22	0	7	0	220	10	
280405	52.6923	1	8	28.6923	685	13	
280506	14	0	3	0	140	10	
280507	17.0714	0	4	1.07143	239	14	
280708	13	0	1	3	130	10	
280709	18	0	5	0	144	8	
280310	45	1	6	25	405	9	
280410	68	1	7	46	476	7	
280810	16	0	4	0	176	11	
280211	32	1	4	16	352	11	
280911	18	0	5	0	144	8	
280912	20	0	6	0	240	12	
281112	42.5	1	1	32.5	595	14	
280613	47.25	1	7	25.25	567	12	
280813	47.5	1	5	29.5	570	12	
281013	37.8182	1	3	23.8182	416	11	
310001	10	0	1	0	80	8	
310102	10	0	1	0	80	8	
310103	12	0	2	0	132	11	
310204	12	0	2	0	144	12	
310205	14.3571	0	3	0.357143	201	14	
310406	18.5455	0	2	6.54545	204	11	
310506	10	0	1	0	140	14	
310607	24	0	8	0	336	14	
310408	25	0	5	7	300	12	
310809	10	0	1	0	90	9	
310810	12	0	2	0	156	13	
300001	10	0	1	0	120	12	
300102	10	0	1	0	140	14	
300103	12	0	2	0	96	8	
300304	10	0	1	0	110	11	
300305	22	0	7	0	132	6	
300406	22	0	7	0	308	14	
300507	12	0	2	0	72	6	
300208	33.125	1	6	13.125	265	8	
300408	35.6429	1	4	19.6429	499	14	
300609	18	0	5	0	216	12	
300510	18	0	5	0	252	14	
300610	16.3571	0	4	0.357143	229	14	
300810	26.6154	0	7	4.61538	346	13	
300911	12	0	2	0	144	12	
300912	14	0	3	0	154	11	
290001	10	0	1	0	70	7	
290002	22.3571	0	7	0.357143	313	14	
290103	30.5833	0	7	8.58333	367	12	
290203	10	0	1	0	130	13	
290304	21.5	1	1	11.5	215	10	
290405	10	0	1	0	70	7	
290106	25	0	4	9	275	11	
290206	17.0714	0	4	1.07143	239	14	
290406	12	0	2	0	108	9	
290507	12.4545	0	2	0.454545	137	11	
290508	56.5	1	3	42.5	565	10	
290608	41	1	2	29	410	10	
290708	38.5	1	1	28.5	462	12	
290609	144.846	1	3	130.846	1883	13	
290709	101.889	1	2	89.8889	917	9	
290809	33	1	1	23	330	10	
290910	29.6429	0	8	5.64286	415	14	
290911	26	0	6	6	182	7	
290812	53.3571	1	4	37.3571	747	14	
291012	23.5455	0	3	9.54545	259	11	
291112	44.5	1	1	34.5	623	14	
291013	83.5	1	4	67.5	1169	14	
291113	103.5	1	2	91.5	1035	10	
291314	10	0	1	0	110	11	
291315	12	0	2	0	156	13	
320001	10	0	1	0	140	14	
320002	13.0714	0	2	1.07143	183	14	
320102	19.9286	0	1	9.92857	279	14	
320103	23	1	2	11	207	9	
320203	10	0	1	0	110	11	
320304	10	0	1	0	100	10	
320305	22	0	7	0	154	7	
320206	16	0	4	0	208	13	
320406	20	0	6	0	140	7	
320506	12	0	2	0	156	13	
320607	10	0	1	0	120	12	
320608	12	0	2	0	156	13	
320709	14	0	2	2	196	14	
320710	25.5	0	4	9.5	357	14	
340001	10	0	1	0	130	13	
340002	12	0	2	0	144	12	
340203	10	0	1	0	130	13	
340204	12	0	2	0	156	13	
340105	18	0	5	0	162	9	
340405	64.9286	1	8	40.9286	909	14	
340306	26.8182	0	6	6.81818	295	11	
340307	52.3846	1	5	34.3846	681	13	
340608	45	1	9	19	315	7	
340709	20	0	6	0	280	14	
340510	18	0	5	0	252	14	
340811	20	0	6	0	280	14	
341012	49.2308	1	2	37.2308	640	13	
341013	62	1	1	52	806	13	
341214	12	0	2	0	120	10	
340415	83	1	10	55	913	11	
341115	31	1	2	19	217	7	
340916	20.1429	0	5	2.14286	141	7	
341116	69.1538	1	3	55.1538	899	13	
360001	10	0	1	0	80	8	
360102	39.6667	1	8	15.6667	357	9	
360103	24	0	6	4	312	13	
360204	21.5	0	3	7.5	301	14	
360005	14	0	3	0	182	13	
360205	81	1	4	65	1053	13	
360306	31	1	3	17	217	7	
360307	85.1429	1	4	69.1429	1192	14	
360508	14	0	3	0	196	14	
360709	12	0	2	0	72	6	
350001	10	0	1	0	110	11	
350002	40.25	1	7	18.25	322	8	
350103	32	0	7	10	384	12	
350203	10	0	1	0	140	14	
350304	10	0	1	0	140	14	
350305	12	0	2	0	144	12	
350506	10	0	1	0	120	12	
350507	12	0	2	0	120	10	
330001	10	0	1	0	100	10	
330002	13.1538	0	2	1.15385	171	13	
330103	22.5	1	2	10.5	225	10	
330203	30.5	1	1	20.5	305	10	
330204	43.3846	1	2	31.3846	564	13	
330105	38.5	1	4	22.5	385	10	
330305	17.5455	0	2	5.54545	193	11	
330406	12	0	2	0	168	14	
330407	43.3333	1	6	23.3333	390	9	
330508	36	1	6	16	360	10	
330708	10	0	1	0	130	13	
330709	13.0714	0	2	1.07143	183	14	
330809	19.75	0	1	9.75	237	12	
330310	45.5	1	6	25.5	455	10	
330910	14	0	3	0	182	13	
331011	20	0	6	0	280	14	
330912	24	0	8	0	336	14	
331112	10	0	1	0	100	10	
330613	22	0	7	0	308	14	
330514	61	1	7	39	854	14	
331214	12	0	2	0	120	10	
330815	48.75	1	7	26.75	585	12	
331415	24	0	8	0	336	14	
380001	12	0	2	0	156	13	
380002	15.0714	0	3	1.07143	211	14	
380102	20.5	1	1	10.5	205	10	
380103	27.5714	1	2	15.5714	386	14	
380204	28.4286	1	2	16.4286	398	14	
380304	10	0	1	0	140	14	
380405	20	0	6	0	160	8	
380406	16	0	4	0	96	6	
380607	24	0	8	0	240	10	
380208	38	1	5	20	494	13	
380508	10	0	1	0	70	7	
380708	10	0	1	0	140	14	
380509	40.1818	1	2	28.1818	442	11	
380609	42.4545	1	6	22.4545	467	11	
380709	12	0	2	0	84	7	
370001	10	0	1	0	80	8	
370102	19.75	0	1	9.75	237	12	
370103	23	1	2	11	184	8	
370004	17.0714	0	4	1.07143	239	14	
370204	17.7692	0	2	5.76923	231	13	
370304	31.2308	1	1	21.2308	406	13	
370205	29	0	6	9	319	11	
370305	49	1	7	27	343	7	
370405	24	0	8	0	336	14	
370406	22	0	7	0	132	6	
370506	10	0	1	0	130	13	
370507	12	0	2	0	132	11	
370608	12	0	2	0	120	10	
370708	34.5	1	1	24.5	345	10	
370809	22.3333	1	1	12.3333	201	9	
370610	46	1	4	30	598	13	
370710	76	1	3	62	836	11	
370910	22.8571	1	1	12.8571	160	7	
371011	10	0	1	0	110	11	
370812	33.5714	1	4	17.5714	470	14	
400001	10	0	1	0	100	10	
400102	10	0	1	0	100	10	
400103	12.3846	0	2	0.384615	161	13	
400203	15.6154	0	1	5.61538	203	13	
400004	16	0	4	0	144	9	
400204	18	0	2	6	252	14	
400405	10	0	1	0	120	12	
400406	12	0	2	0	144	12	
400307	18	0	5	0	252	14	
400507	22.3571	0	7	0.357143	313	14	
400607	50.5	1	8	26.5	505	10	
400308	16	0	4	0	208	13	
400508	56.1538	1	6	36.1538	730	13	
400708	10	0	1	0	110	11	
400809	10	0	1	0	130	13	
400810	12	0	2	0	96	8	
390001	10	0	1	0	140	14	
390002	22	0	7	0	220	10	
390103	21.1538	0	6	1.15385	275	13	
390203	22.8571	1	2	10.8571	160	7	
390304	12	0	1	2	132	11	
390105	16.5	0	4	0.5	165	10	
390205	35.8	1	4	19.8	358	10	
390405	20.5	1	1	10.5	205	10	
390306	17.1538	0	3	3.15385	223	13	
390607	10	0	1	0	140	14	
390408	22	1	1	12	286	13	
390509	18	0	5	0	126	7	
390609	22.3571	0	6	2.35714	313	14	
390709	31.5833	0	7	9.58333	379	12	
390910	10	0	1	0	80	8	
390911	12	0	2	0	168	14	
390712	26	0	4	10	364	14	
390812	12	0	2	0	96	8	
391112	10	0	1	0	130	13	
391113	13.0714	0	2	1.07143	183	14	
391213	19.75	0	1	9.75	237	12	
430001	10	0	1	0	120	12	
430002	13.0714	0	2	1.07143	183	14	
430102	19.8571	0	1	9.85714	139	7	
430103	24.4167	1	2	12.4167	293	12	
430204	17.5455	0	2	5.54545	193	11	
410001	12	0	2	0	132	11	
410102	16.2857	0	1	6.28571	114	7	
410003	16.3571	0	4	0.357143	229	14	
410104	21	0	3	7	126	6	
410204	25.5	1	2	13.5	153	6	
410304	24.8462	1	1	14.8462	323	13	
410205	79.1667	1	3	65.1667	950	12	
410305	100.5	1	2	88.5	1206	12	
410406	36.5	1	2	24.5	365	10	
410506	10	0	1	0	80	8	
410607	24	0	8	0	240	10	
410608	22	0	7	0	220	10	
410809	24	1	1	14	240	10	
410710	17	0	3	3	170	10	
410911	12	0	2	0	156	13	
410912	14	0	3	0	182	13	
411113	16	0	4	0	176	11	
411114	16	0	4	0	208	13	
411015	18	0	5	0	252	14	
411016	16	0	4	0	208	13	
411217	18	0	5	0	126	7	
420001	10	0	1	0	120	12	
420002	12	0	2	0	84	7	
420103	19.5	0	2	7.5	273	14	
420104	55.9231	1	3	41.9231	727	13	
420204	33.5	1	2	21.5	268	8	
420304	25.5	1	1	15.5	306	12	
420205	59	1	6	39	708	12	
420305	40.3571	1	7	18.3571	565	14	
420405	30.375	0	8	6.375	243	8	
420506	10	0	1	0	130	13	
420407	27	0	6	7	270	10	
420507	12	0	2	0	120	10	
420607	10	0	1	0	70	7	
420608	12	0	2	0	120	10	
420708	10	0	1	0	100	10	
420809	20.5	1	1	10.5	205	10	
420810	24	1	2	12	264	11	
420911	13	0	2	1	130	10	
420912	37.5	1	3	23.5	375	10	
421112	28	1	1	18	196	7	
420713	21.1538	0	6	1.15385	275	13	
421113	53	1	6	33	742	14	
421213	25	0	7	3	275	11	
421314	28	1	1	18	196	7	
421015	41.5	1	5	23.5	415	10	
421016	78.6923	1	6	58.6923	1023	13	
30001	10	0	1	0	100	10	
30102	10	0	1	0	110	11	
30003	10	0	1	0	130	13	
40001	14	0	3	0	140	10	
40002	10	0	1	0	130	13	
40203	10	0	1	0	120	12	
40103	10	0	1	0	100	10	
40304	10	0	1	0	140	14	
10001	14	0	3	0	140	10	
10102	10	0	1	0	120	12	
10203	10	0	1	0	130	13	
10003	10	0	1	0	120	12	
10204	12	0	2	0	144	12	
10105	12	0	2	0	132	11	
10306	10	0	1	0	110	11	
10506	10	0	1	0	130	13	
10307	10	0	1	0	130	13	
10507	14	0	3	0	98	7	
10708	10	0	1	0	80	8	
10409	10	0	1	0	100	10	
10810	14	0	3	0	154	11	
10811	13.0714	0	2	1.07143	183	14	
11011	21.9286	1	1	11.9286	307	14	
10912	10	0	1	0	70	7	
10913	10	0	1	0	140	14	
10714	10	0	1	0	140	14	
10614	14	0	3	0	98	7	
1	12	0	2	0	168	14	
102	10	0	1	0	140	14	
203	12	0	2	0	120	10	
103	10	0	1	0	80	8	
3	10	0	1	0	70	7	
204	10	0	1	0	140	14	
405	12	0	2	0	108	9	
406	20	0	6	0	220	11	
607	10	0	1	0	140	14	
608	12	0	2	0	108	9	
809	10	0	1	0	100	10	
510	10	0	1	0	100	10	
810	10	0	1	0	120	12	
311	12	0	2	0	108	9	
1012	10	0	1	0	70	7	
1113	10	0	1	0	140	14	
1013	10	0	1	0	80	8	
20001	10	0	1	0	70	7	
20002	10	0	1	0	110	11	
20203	10	0	1	0	120	12	
20304	10	0	1	0	130	13	
20305	10	0	1	0	100	10	
20506	10	0	1	0	130	13	
20206	10	0	1	0	100	10	
20607	10	0	1	0	140	14	
20507	12	0	2	0	120	10	
20708	10	0	1	0	140	14	
20709	10	0	1	0	120	12	
20910	39	1	4	23	390	10	
20111	10	0	1	0	90	9	
20812	14	0	3	0	112	8	
20813	22.8571	1	1	12.8571	320	14	
21314	18	0	5	0	234	13	
20414	14	0	3	0	84	6	
21415	16	0	4	0	144	9	
21315	14	0	3	0	182	13	
20115	10	0	1	0	100	10	
21416	10	0	1	0	100	10	
20616	10	0	1	0	130	13	
20416	16	0	4	0	112	7	
80001	10	0	1	0	70	7	
80102	10	0	1	0	90	9	
80103	10	0	1	0	110	11	
80204	14	0	3	0	112	8	
80305	27.375	0	5	9.375	219	8	
50001	12	0	2	0	156	13	
50102	14	0	3	0	182	13	
50003	10	0	1	0	120	12	
50304	10	0	1	0	130	13	
50205	52.9286	1	5	34.9286	741	14	
50305	45	1	5	27	450	10	
50105	16.3571	0	4	0.357143	229	14	
50406	50	1	5	32	350	7	
50207	12	0	2	0	156	13	
50608	20	0	6	0	160	8	
50409	30	1	1	20	330	11	
50910	47.5	1	2	35.5	665	14	
50610	73.0714	1	2	61.0714	1023	14	
50510	16.4286	0	1	6.42857	230	14	
50811	12	0	2	0	132	11	
50712	12	0	2	0	96	8	
51013	10	0	1	0	110	11	
50913	77.6667	1	1	67.6667	699	9	
51213	12.1429	0	1	2.14286	170	14	
51314	10	0	1	0	80	8	
51315	12	0	2	0	96	8	
51416	14	0	3	0	84	6	
51216	10	0	1	0	140	14	
50716	10	0	1	0	70	7	
60001	10	0	1	0	130	13	
60002	16	0	4	0	160	10	
60203	10	0	1	0	130	13	
60204	10	0	1	0	130	13	
60105	12	0	2	0	72	6	
60406	13	0	1	3	130	10	
60106	10	0	1	0	110	11	
60306	10	0	1	0	140	14	
60407	10	0	1	0	140	14	
60608	10	0	1	0	120	12	
60809	10	0	1	0	130	13	
90001	10	0	1	0	140	14	
90102	10	0	1	0	100	10	
90103	10	0	1	0	140	14	
90204	10	0	1	0	80	8	
90004	10	0	1	0	130	13	
90304	14	0	3	0	140	10	
90205	10	0	1	0	100	10	
90305	10	0	1	0	140	14	
110001	10	0	1	0	140	14	
110002	18	0	5	0	216	12	
110103	10	0	1	0	130	13	
110204	12	0	2	0	120	10	
110205	10	0	1	0	140	14	
110106	10	0	1	0	100	10	
110307	14	0	3	0	196	14	
70001	12	0	2	0	168	14	
70102	14	0	3	0	168	12	
70203	29.6429	1	1	19.6429	415	14	
70104	10	0	1	0	120	12	
70304	10	0	1	0	100	10	
70004	10	0	1	0	70	7	
70405	10	0	1	0	120	12	
70506	10	0	1	0	70	7	
70406	12	0	2	0	84	7	
70306	10	0	1	0	130	13	
70507	12	0	2	0	120	10	
70607	10	0	1	0	80	8	
70207	35	1	1	25	490	14	
120001	10	0	1	0	100	10	
120002	10	0	1	0	130	13	
120203	32.2857	1	1	22.2857	226	7	
120103	11.0714	0	1	1.07143	155	14	
120304	10	0	1	0	140	14	
120405	10	0	1	0	100	10	
120406	10	0	1	0	140	14	
100001	12	0	2	0	132	11	
100102	17	0	4	1	204	12	
100103	10	0	1	0	130	13	
100204	13.5714	0	1	3.57143	190	14	
100304	30	1	2	18	300	10	
100004	10	0	1	0	140	14	
100205	17.875	0	2	5.875	143	8	
100405	10	0	1	0	130	13	
100305	29.5	1	1	19.5	295	10	
100506	10	0	1	0	140	14	
100607	12	0	2	0	144	12	
100608	10	0	1	0	140	14	
100509	10	0	1	0	100	10	
150001	12	0	2	0	84	7	
150002	10	0	1	0	110	11	
150102	10	0	1	0	110	11	
150203	10	0	1	0	110	11	
160001	24	0	8	0	312	13	
160102	27.8571	0	6	7.85714	195	7	
160002	16	0	4	0	208	13	
160103	26	0	4	10	260	10	
160304	14	0	3	0	168	12	
160305	18	0	5	0	234	13	
160206	10	0	1	0	120	12	
160607	12	0	2	0	108	9	
160207	10	0	1	0	130	13	
160408	55.3571	1	1	45.3571	775	14	
160608	52.5	1	1	42.5	735	14	
160708	62.1429	1	1	52.1429	870	14	
160809	12	0	2	0	156	13	
160509	10	0	1	0	140	14	
160709	79	1	1	69	711	9	
140001	18	0	5	0	126	7	
140002	10	0	1	0	140	14	
140102	20	0	6	0	200	10	
140203	10	0	1	0	100	10	
140103	18	0	5	0	162	9	
140204	12	0	2	0	120	10	
140305	10	0	1	0	140	14	
140306	10	0	1	0	130	13	
140407	21.0769	1	1	11.0769	274	13	
140507	17.8571	0	1	7.85714	125	7	
140608	69.5455	1	5	51.5455	765	11	
140609	57	1	5	39	570	10	
140410	65.3571	1	1	55.3571	915	14	
140710	49.7778	1	2	37.7778	448	9	
140510	50.5	1	1	40.5	707	14	
140811	14	0	3	0	182	13	
140712	64	1	3	50	832	13	
141012	15.5714	0	1	5.57143	218	14	
140812	25.8333	1	1	15.8333	310	12	
141113	10	0	1	0	140	14	
141214	38	1	1	28	418	11	
141314	59	1	4	43	590	10	
141114	42	1	3	28	462	11	
130001	28.6364	0	6	8.63636	315	11	
130102	20	0	6	0	200	10	
130002	21	0	2	9	231	11	
130203	10	0	1	0	130	13	
130204	10	0	1	0	100	10	
130405	10	0	1	0	70	7	
130406	18	0	5	0	126	7	
130106	16	0	4	0	160	10	
130607	16	0	4	0	112	7	
130608	11.0714	0	1	1.07143	155	14	
130309	10	0	1	0	120	12	
130809	10	0	1	0	130	13	
130509	12	0	2	0	120	10	
130710	10	0	1	0	110	11	
130911	10	0	1	0	130	13	
130912	10	0	1	0	110	11	
131213	10	0	1	0	110	11	
131113	14	0	3	0	84	6	
131014	10	0	1	0	140	14	
131015	12	0	2	0	120	10	
131316	41.5714	1	5	23.5714	582	14	
131617	12	0	2	0	120	10	
131618	12	0	2	0	144	12	
170001	18	0	5	0	108	6	
170102	53.3333	1	9	27.3333	640	12	
170203	10	0	1	0	130	13	
170004	12	0	2	0	168	14	
170304	10	0	1	0	130	13	
170205	12	0	2	0	132	11	
170106	73	1	6	53	511	7	
170406	18	0	5	0	126	7	
170506	10	0	1	0	80	8	
170507	10	0	1	0	110	11	
170408	12.625	0	2	0.625	101	8	
170308	10	0	1	0	100	10	
170708	15.5	0	1	5.5	155	10	
170809	23.5	1	1	13.5	282	12	
170609	22.5	1	2	10.5	225	10	
170709	37.5	1	2	25.5	375	10	
170610	50	1	6	30	700	14	
171011	32	0	12	0	384	12	
170812	20	0	1	10	200	10	
171013	34	0	13	0	408	12	
171214	18	0	5	0	108	6	
190001	12	0	2	0	156	13	
190002	10.3571	0	1	0.357143	145	14	
190102	15.5833	0	1	5.58333	187	12	
190203	10	0	1	0	140	14	
210001	20	0	6	0	140	7	
210102	10	0	1	0	140	14	
210002	18	0	5	0	216	12	
210103	14.1429	0	2	2.14286	198	14	
210203	24.6923	1	1	14.6923	321	13	
180001	10	0	1	0	140	14	
180102	10	0	1	0	140	14	
180103	10	0	1	0	130	13	
180304	10	0	1	0	140	14	
200001	10	0	1	0	70	7	
200102	10	0	1	0	100	10	
200002	12	0	2	0	120	10	
200103	10	0	1	0	130	13	
200304	10	0	1	0	120	12	
200305	10	0	1	0	140	14	
220001	18	0	5	0	162	9	
220002	10	0	1	0	140	14	
220203	10	0	1	0	80	8	
220304	19.5	0	1	9.5	117	6	
220305	22	1	1	12	286	13	
220106	12	0	2	0	120	10	
220107	12	0	2	0	144	12	
220708	10	0	1	0	100	10	
220508	10	0	1	0	120	12	
220609	10	0	1	0	70	7	
220610	12	0	2	0	72	6	
220711	10	0	1	0	120	12	
220511	10	0	1	0	120	12	
221012	31.5	1	2	19.5	315	10	
220912	15.7692	0	1	5.76923	205	13	
220413	10	0	1	0	100	10	
220214	12	0	2	0	120	10	
240001	20	0	6	0	200	10	
240102	17.6667	0	4	1.66667	159	9	
240203	12	0	2	0	120	10	
240204	14	0	3	0	168	12	
240304	11	0	1	1	154	14	
240004	10	0	1	0	140	14	
240405	14	0	3	0	168	12	
240506	12	0	2	0	168	14	
240507	14	0	3	0	154	11	
250001	32	0	12	0	224	7	
250002	10	0	1	0	130	13	
250103	10	0	1	0	120	12	
250203	32	0	12	0	320	10	
250304	20	0	6	0	160	8	
250405	10	0	1	0	130	13	
250506	10	0	1	0	120	12	
250507	10	0	1	0	100	10	
270001	10	0	1	0	130	13	
270002	10	0	1	0	100	10	
270203	10	0	1	0	100	10	
270104	10	0	1	0	70	7	
270105	12	0	2	0	84	7	
270206	10	0	1	0	110	11	
270306	12	0	2	0	168	14	
270407	13.6667	0	2	1.66667	123	9	
270507	20.9286	1	1	10.9286	293	14	
230001	14	0	3	0	140	10	
230002	16	0	4	0	208	13	
230203	12	0	2	0	156	13	
230304	22	0	7	0	242	11	
230305	10	0	1	0	140	14	
230106	12	0	2	0	168	14	
230506	12	0	2	0	156	13	
230206	10	0	1	0	140	14	
230407	12	0	2	0	72	6	
230408	10	0	1	0	100	10	
230709	10	0	1	0	90	9	
230710	13.5714	0	1	3.57143	190	14	
230110	10	0	1	0	110	11	
230610	29.4286	1	1	19.4286	412	14	
230911	16	0	4	0	160	10	
231012	12	0	2	0	96	8	
231013	10	0	1	0	100	10	
231314	10	0	1	0	120	12	
231315	12	0	2	0	120	10	
231216	10	0	1	0	70	7	
260001	12	0	2	0	168	14	
260102	16	0	4	0	160	10	
260103	18	0	5	0	252	14	
260304	29	1	3	15	203	7	
260005	10	0	1	0	100	10	
260205	10	0	1	0	130	13	
260405	10	0	1	0	140	14	
260306	59.75	1	4	43.75	717	12	
260206	34.4545	1	3	20.4545	379	11	
260506	12	0	2	0	84	7	
260607	18	0	5	0	144	8	
260708	18	0	5	0	252	14	
260709	20	0	6	0	120	6	
260610	12	0	2	0	168	14	
260511	10	0	1	0	130	13	
260811	22.8571	1	1	12.8571	320	14	
260911	42.1429	1	2	30.1429	590	14	
280001	18	0	5	0	234	13	
280102	14	0	3	0	140	10	
280103	10	0	1	0	140	14	
280004	12	0	2	0	132	11	
280204	12	0	2	0	144	12	
280405	10	0	1	0	130	13	
280305	10	0	1	0	100	10	
280506	12	0	2	0	120	10	
280507	11.0714	0	1	1.07143	155	14	
280708	12	0	2	0	120	10	
280709	14	0	3	0	112	8	
280410	16	0	4	0	112	7	
280310	12	0	2	0	108	9	
280810	16	0	4	0	176	11	
280911	14	0	3	0	112	8	
280211	16	0	4	0	176	11	
280912	12	0	2	0	144	12	
281112	18	0	5	0	252	14	
280613	12	0	2	0	144	12	
281013	18	0	5	0	198	11	
280813	10	0	1	0	120	12	
300001	10	0	1	0	120	12	
300102	10	0	1	0	140	14	
300103	12	0	2	0	96	8	
300304	12	0	2	0	132	11	
300305	10	0	1	0	60	6	
300406	10	0	1	0	140	14	
300507	10	0	1	0	60	6	
300408	14	0	3	0	196	14	
300208	12	0	2	0	96	8	
300609	10	0	1	0	120	12	
300610	29.6429	1	1	19.6429	415	14	
300810	39.8462	1	1	29.8462	518	13	
300510	10	0	1	0	140	14	
300911	10	0	1	0	120	12	
300912	12	0	2	0	132	11	
310001	14	0	3	0	112	8	
310102	10	0	1	0	80	8	
310103	10	0	1	0	110	11	
310204	14	0	3	0	168	12	
310205	10	0	1	0	140	14	
310506	10	0	1	0	140	14	
310406	10	0	1	0	110	11	
310607	10	0	1	0	140	14	
310408	10	0	1	0	120	12	
310809	10	0	1	0	90	9	
310810	10	0	1	0	130	13	
290001	12	0	2	0	84	7	
290002	12	0	2	0	168	14	
290103	14	0	3	0	168	12	
290203	14	0	3	0	182	13	
290304	16	0	4	0	160	10	
290405	26.8571	0	5	8.85714	188	7	
290106	10	0	1	0	110	11	
290206	10	0	1	0	140	14	
290406	12	0	2	0	108	9	
290507	20	0	6	0	220	11	
290708	17	0	3	3	204	12	
290608	17	0	2	5	170	10	
290508	33	1	3	19	330	10	
290709	12	0	2	0	108	9	
290609	14	0	1	4	182	13	
290809	10	0	1	0	100	10	
290910	12	0	2	0	168	14	
290911	18	0	5	0	126	7	
291012	13.3636	0	2	1.36364	147	11	
290812	10	0	1	0	140	14	
291112	28.9286	1	5	10.9286	405	14	
291013	31.5	0	8	7.5	441	14	
291113	31.5	1	1	21.5	315	10	
291314	14	0	3	0	154	11	
291315	12	0	2	0	156	13	
320001	12	0	2	0	168	14	
320002	12.3571	0	2	0.357143	173	14	
320102	18.6429	0	2	6.64286	261	14	
320203	12	0	2	0	132	11	
320103	16	0	4	0	144	9	
320304	10	0	1	0	100	10	
320305	16	0	4	0	112	7	
320506	10	0	1	0	130	13	
320206	10	0	1	0	130	13	
320406	12	0	2	0	84	7	
320607	12	0	2	0	144	12	
320608	10	0	1	0	130	13	
320709	12	0	2	0	168	14	
320710	14	0	3	0	196	14	
340001	10	0	1	0	130	13	
340002	16	0	4	0	192	12	
340203	20	0	6	0	260	13	
340204	10	0	1	0	130	13	
340105	10	0	1	0	90	9	
340405	10	0	1	0	140	14	
340306	20	0	6	0	220	11	
340307	18	0	5	0	234	13	
340608	20	0	6	0	140	7	
340709	12	0	2	0	168	14	
340510	10	0	1	0	140	14	
340811	10	0	1	0	140	14	
341012	10	0	1	0	130	13	
341013	10	0	1	0	130	13	
341214	10	0	1	0	100	10	
341115	12	0	2	0	84	7	
340415	16	0	4	0	176	11	
341116	18	0	5	0	234	13	
340916	10	0	1	0	70	7	
360001	14	0	3	0	112	8	
360102	14	0	3	0	126	9	
360103	10	0	1	0	130	13	
360204	10	0	1	0	140	14	
360005	10	0	1	0	130	13	
360205	10	0	1	0	130	13	
360306	20	0	6	0	140	7	
360307	10	0	1	0	140	14	
360508	10	0	1	0	140	14	
360709	32	0	12	0	192	6	
350001	10	0	1	0	110	11	
350002	14	0	3	0	112	8	
350203	25.8571	1	1	15.8571	362	14	
350103	12.5	0	1	2.5	150	12	
350304	10	0	1	0	140	14	
350305	12	0	2	0	144	12	
350506	10	0	1	0	120	12	
350507	14	0	3	0	140	10	
330001	20	0	6	0	200	10	
330002	10	0	1	0	130	13	
330103	10	0	1	0	100	10	
330203	20	0	6	0	200	10	
330204	10	0	1	0	130	13	
330305	12	0	2	0	132	11	
330105	10	0	1	0	100	10	
330406	10	0	1	0	140	14	
330407	12	0	2	0	108	9	
330708	12	0	2	0	156	13	
330508	10	0	1	0	100	10	
330709	10.3571	0	1	0.357143	145	14	
330809	16.5833	0	1	6.58333	199	12	
330910	10	0	1	0	130	13	
330310	10	0	1	0	100	10	
331011	10	0	1	0	140	14	
331112	10	0	1	0	100	10	
330912	10	0	1	0	140	14	
330613	10	0	1	0	140	14	
331214	12	0	2	0	120	10	
330514	14	0	3	0	196	14	
331415	18	0	5	0	252	14	
330815	10	0	1	0	120	12	
380001	14	0	3	0	182	13	
380002	10	0	1	0	140	14	
380102	16	0	2	4	160	10	
380103	10	0	1	0	140	14	
380204	10	0	1	0	140	14	
380304	13	0	2	1	182	14	
380405	12	0	2	0	96	8	
380406	18	0	5	0	108	6	
380607	24	0	8	0	240	10	
380208	10	0	1	0	130	13	
380708	10	0	1	0	140	14	
380508	12	0	2	0	84	7	
380609	25.4545	1	1	15.4545	280	11	
380709	22	0	7	0	154	7	
380509	24.5455	0	6	4.54545	270	11	
370001	14	0	3	0	112	8	
370102	10	0	1	0	120	12	
370103	10	0	1	0	80	8	
370304	31.2308	1	1	21.2308	406	13	
370204	15.7692	0	1	5.76923	205	13	
370004	10	0	1	0	140	14	
370305	46.8571	1	2	34.8571	328	7	
370405	13.5714	0	1	3.57143	190	14	
370205	41.5455	1	2	29.5455	457	11	
370506	13	0	1	3	169	13	
370406	49.5	1	2	37.5	297	6	
370507	15	0	2	3	165	11	
370608	12	0	2	0	120	10	
370708	10	0	1	0	100	10	
370809	16	0	4	0	144	9	
370610	13.1538	0	2	1.15385	171	13	
370710	20.6364	1	1	10.6364	227	11	
370910	16	0	4	0	112	7	
371011	14	0	3	0	154	11	
370812	14	0	3	0	196	14	
390001	12	0	2	0	168	14	
390002	32	0	12	0	320	10	
390203	30	0	11	0	210	7	
390103	10	0	1	0	130	13	
390304	20	0	6	0	220	11	
390205	28.5	1	5	10.5	285	10	
390405	42.5	1	6	22.5	425	10	
390105	19.5	0	5	1.5	195	10	
390306	16	0	4	0	208	13	
390607	12	0	2	0	168	14	
390408	23	1	1	13	299	13	
390509	37.1429	1	3	23.1429	260	7	
390709	44.6667	1	1	34.6667	536	12	
390609	23.5714	1	1	13.5714	330	14	
390910	18.375	0	2	6.375	147	8	
390911	17	0	1	7	238	14	
390812	24	0	8	0	192	8	
390712	61.3571	1	5	43.3571	859	14	
391112	14	0	3	0	182	13	
391113	17.0714	0	4	1.07143	239	14	
391213	19.75	0	1	9.75	237	12	
400001	10	0	1	0	100	10	
400102	12	0	2	0	120	10	
400203	12	0	1	2	156	13	
400103	10	0	1	0	130	13	
400204	10	0	1	0	140	14	
400004	16	0	4	0	144	9	
400405	12	0	2	0	144	12	
400406	18	0	5	0	216	12	
400507	12.3571	0	2	0.357143	173	14	
400307	12	0	2	0	168	14	
400607	18.5	0	1	8.5	185	10	
400508	10	0	1	0	130	13	
400308	10	0	1	0	130	13	
400708	10	0	1	0	110	11	
400809	10	0	1	0	130	13	
400810	31.5	1	2	19.5	252	8	
430001	12	0	2	0	144	12	
430002	10.3571	0	1	0.357143	145	14	
430102	17.2857	0	1	7.28571	121	7	
430103	10	0	1	0	120	12	
430204	10	0	1	0	110	11	
410001	18	0	5	0	198	11	
410102	18	0	5	0	126	7	
410003	10	0	1	0	140	14	
410104	12.8333	0	2	0.833333	77	6	
410304	22.4615	1	2	10.4615	292	13	
410204	34.6667	1	3	20.6667	208	6	
410305	62.5	1	1	52.5	750	12	
410205	71.0833	1	2	59.0833	853	12	
410406	10	0	1	0	100	10	
410506	12	0	2	0	96	8	
410607	10	0	1	0	100	10	
410608	10	0	1	0	100	10	
410809	10	0	1	0	100	10	
410710	12	0	2	0	120	10	
410911	18	0	5	0	234	13	
410912	20	0	6	0	260	13	
411113	12	0	2	0	132	11	
411114	10	0	1	0	130	13	
411015	10	0	1	0	140	14	
411016	14	0	3	0	182	13	
411217	10	0	1	0	70	7	
420001	39	1	8	15	468	12	
420002	16	0	4	0	112	7	
420103	12	0	2	0	168	14	
420104	10	0	1	0	130	13	
420304	14	0	1	4	168	12	
420204	14	0	3	0	112	8	
420405	15	0	2	3	120	8	
420305	10	0	1	0	140	14	
420205	10	0	1	0	120	12	
420506	10	0	1	0	130	13	
420407	10	0	1	0	100	10	
420607	12	0	2	0	84	7	
420507	10	0	1	0	100	10	
420708	14	0	3	0	140	10	
420608	10	0	1	0	100	10	
420809	14	0	3	0	140	10	
420810	10	0	1	0	110	11	
420911	14	0	3	0	140	10	
421112	20	0	6	0	140	7	
420912	26	0	9	0	260	10	
421113	12	0	2	0	168	14	
420713	10	0	1	0	130	13	
421213	16	0	4	0	176	11	
421314	40.8571	1	6	20.8571	286	7	
421015	24	0	8	0	240	10	
421016	22	0	7	0	286	13	
440001	20	0	6	0	240	12	
440102	28	0	10	0	196	7	
440203	12	0	2	0	156	13	
440304	10	0	1	0	110	11	
440204	10	0	1	0	60	6	
440405	16	0	4	0	192	12	
440406	12	0	2	0	120	10	
440107	14	0	3	0	196	14	
440007	18	0	5	0	144	8	
440607	16	0	4	0	160	10	
440508	10	0	1	0	130	13	
440709	10	0	1	0	130	13	
440810	14	0	3	0	98	7	
440510	12	0	2	0	132	11	
440911	20.375	0	2	8.375	163	8	
441011	10.3846	0	1	0.384615	135	13	
440611	10	0	1	0	120	12	
441112	10	0	1	0	140	14	
441113	10	0	1	0	100	10	
441314	12	0	2	0	144	12	
441315	10	0	1	0	140	14	
440816	10	0	1	0	140	14	
441217	14	0	3	0	182	13	
460001	10	0	1	0	130	13	
460002	26	0	9	0	364	14	
460203	20	0	6	0	220	11	
460204	26	0	9	0	182	7	
460405	21.5	0	2	9.5	215	10	
460305	10.4545	0	1	0.454545	115	11	
460105	14	0	3	0	112	8	
460406	35.0714	1	3	21.0714	491	14	
460506	20.75	1	1	10.75	249	12	
460107	22	0	7	0	242	11	
460508	18	0	2	6	198	11	
460608	14	0	3	0	112	8	
460308	10	0	1	0	120	12	
20001	14	0	3	0	294	21	
20002	10	0	1	0	330	33	
20203	12	0	2	0	432	36	
20304	18	0	5	0	702	39	
20305	16	0	4	0	480	30	
20206	10	0	1	0	300	30	
20506	10	0	1	0	390	39	
20507	12	0	2	0	360	30	
20607	10	0	1	0	420	42	
20708	10	0	1	0	420	42	
20709	10	0	1	0	360	36	
20910	12	0	2	0	360	30	
20111	12	0	2	0	324	27	
20812	10	0	1	0	240	24	
20813	12	0	2	0	504	42	
20414	12	0	2	0	216	18	
21314	12	0	2	0	468	39	
20115	16	0	4	0	480	30	
21415	15.7778	0	1	5.77778	426	27	
21315	14.3846	0	3	0.384615	561	39	
20616	10	0	1	0	390	39	
20416	10	0	1	0	210	21	
21416	10	0	1	0	300	30	
20001	14	0	3	0	294	21	
20002	10	0	1	0	330	33	
20203	12	0	2	0	432	36	
20304	18	0	5	0	702	39	
20305	16	0	4	0	480	30	
20206	10	0	1	0	300	30	
20506	10	0	1	0	390	39	
20507	12	0	2	0	360	30	
20607	10	0	1	0	420	42	
20708	10	0	1	0	420	42	
20709	10	0	1	0	360	36	
20910	12	0	2	0	360	30	
20111	12	0	2	0	324	27	
20812	10	0	1	0	240	24	
20813	12	0	2	0	504	42	
20414	12	0	2	0	216	18	
21314	12	0	2	0	468	39	
20115	16	0	4	0	480	30	
21415	15.7778	0	1	5.77778	426	27	
21315	14.3846	0	3	0.384615	561	39	
20616	10	0	1	0	390	39	
20416	10	0	1	0	210	21	
21416	10	0	1	0	300	30	
20001	14	0	3	0	294	21	
20002	10	0	1	0	330	33	
20203	12	0	2	0	432	36	
20304	18	0	5	0	702	39	
20305	16	0	4	0	480	30	
20206	10	0	1	0	300	30	
20506	10	0	1	0	390	39	
20507	12	0	2	0	360	30	
20607	10	0	1	0	420	42	
20708	10	0	1	0	420	42	
20709	10	0	1	0	360	36	
20910	12	0	2	0	360	30	
20111	12	0	2	0	324	27	
20812	10	0	1	0	240	24	
20813	12	0	2	0	504	42	
20414	12	0	2	0	216	18	
21314	12	0	2	0	468	39	
20115	16	0	4	0	480	30	
21415	15.7778	0	1	5.77778	426	27	
21315	14.3846	0	3	0.384615	561	39	
20616	10	0	1	0	390	39	
20416	10	0	1	0	210	21	
21416	10	0	1	0	300	30	
20001	14	0	3	0	294	21	
20002	10	0	1	0	330	33	
20203	12	0	2	0	432	36	
20304	18	0	5	0	702	39	
20305	16	0	4	0	480	30	
20206	10	0	1	0	300	30	
20506	10	0	1	0	390	39	
20507	12	0	2	0	360	30	
20607	10	0	1	0	420	42	
20708	10	0	1	0	420	42	
20709	10	0	1	0	360	36	
20910	12	0	2	0	360	30	
20111	12	0	2	0	324	27	
20812	10	0	1	0	240	24	
20813	12	0	2	0	504	42	
20414	12	0	2	0	216	18	
21314	12	0	2	0	468	39	
20115	16	0	4	0	480	30	
21415	15.7778	0	1	5.77778	426	27	
21315	14.3846	0	3	0.384615	561	39	
20616	10	0	1	0	390	39	
20416	10	0	1	0	210	21	
21416	10	0	1	0	300	30	
20001	14	0	3	0	294	21	
20002	10	0	1	0	330	33	
20203	12	0	2	0	432	36	
20304	18	0	5	0	702	39	
20305	16	0	4	0	480	30	
20206	10	0	1	0	300	30	
20506	10	0	1	0	390	39	
20507	12	0	2	0	360	30	
20607	10	0	1	0	420	42	
20708	10	0	1	0	420	42	
20709	10	0	1	0	360	36	
20910	12	0	2	0	360	30	
20111	12	0	2	0	324	27	
20812	10	0	1	0	240	24	
20813	12	0	2	0	504	42	
20414	12	0	2	0	216	18	
21314	12	0	2	0	468	39	
20115	16	0	4	0	480	30	
21415	15.7778	0	1	5.77778	426	27	
21315	14.3846	0	3	0.384615	561	39	
20616	10	0	1	0	390	39	
20416	10	0	1	0	210	21	
21416	10	0	1	0	300	30	
20001	14	0	3	0	294	21	
20002	10	0	1	0	330	33	
20203	12	0	2	0	432	36	
20304	18	0	5	0	702	39	
20305	16	0	4	0	480	30	
20206	10	0	1	0	300	30	
20506	10	0	1	0	390	39	
20507	12	0	2	0	360	30	
20607	10	0	1	0	420	42	
20708	10	0	1	0	420	42	
20709	10	0	1	0	360	36	
20910	12	0	2	0	360	30	
20111	12	0	2	0	324	27	
20812	10	0	1	0	240	24	
20813	12	0	2	0	504	42	
20414	12	0	2	0	216	18	
21314	12	0	2	0	468	39	
20115	16	0	4	0	480	30	
21415	15.7778	0	1	5.77778	426	27	
21315	14.3846	0	3	0.384615	561	39	
20616	10	0	1	0	390	39	
20416	10	0	1	0	210	21	
21416	10	0	1	0	300	30	
20001	14	0	3	0	294	21	
20002	10	0	1	0	330	33	
20203	12	0	2	0	432	36	
20304	18	0	5	0	702	39	
20305	16	0	4	0	480	30	
20206	10	0	1	0	300	30	
20506	10	0	1	0	390	39	
20507	12	0	2	0	360	30	
20607	10	0	1	0	420	42	
20708	10	0	1	0	420	42	
20709	10	0	1	0	360	36	
20910	12	0	2	0	360	30	
20111	12	0	2	0	324	27	
20812	10	0	1	0	240	24	
20813	12	0	2	0	504	42	
20414	12	0	2	0	216	18	
21314	12	0	2	0	468	39	
20115	16	0	4	0	480	30	
21415	15.7778	0	1	5.77778	426	27	
21315	14.3846	0	3	0.384615	561	39	
20616	10	0	1	0	390	39	
20416	10	0	1	0	210	21	
21416	10	0	1	0	300	30	
20001	32	1	3	18	672	21	
20002	40	1	1	30	1320	33	
20203	32	1	2	20	1152	36	
20304	48	1	5	30	1872	39	
20305	66	1	4	50	1980	30	
20206	49	1	1	39	1470	30	
20506	28	1	1	18	1092	39	
20507	56	1	2	44	1680	30	
20607	32.3333	1	1	22.3333	1358	42	
20708	29	1	1	19	1218	42	
20709	55	1	1	45	1980	36	
20910	30	1	2	18	900	30	
20111	29	1	2	17	783	27	
20812	23	1	1	13	552	24	
20813	50	1	2	38	2100	42	
20414	26	1	2	14	468	18	
21314	33	1	2	21	1287	39	
20115	58	1	4	42	1740	30	
21415	40.7778	1	1	30.7778	1101	27	
21315	67.8462	1	3	53.8462	2646	39	
20616	58.3333	1	1	48.3333	2275	39	
20416	34	1	1	24	714	21	
21416	59.3333	1	1	49.3333	1780	30	
20001	32	1	3	18	672	21	
20002	40	1	1	30	1320	33	
20203	32	1	2	20	1152	36	
20304	48	1	5	30	1872	39	
20305	66	1	4	50	1980	30	
20206	49	1	1	39	1470	30	
20506	28	1	1	18	1092	39	
20507	56	1	2	44	1680	30	
20607	32.3333	1	1	22.3333	1358	42	
20708	29	1	1	19	1218	42	
20709	55	1	1	45	1980	36	
20910	30	1	2	18	900	30	
20111	29	1	2	17	783	27	
20812	23	1	1	13	552	24	
20813	50	1	2	38	2100	42	
20414	26	1	2	14	468	18	
21314	33	1	2	21	1287	39	
20115	58	1	4	42	1740	30	
21415	40.7778	1	1	30.7778	1101	27	
21315	67.8462	1	3	53.8462	2646	39	
20616	58.3333	1	1	48.3333	2275	39	
20416	34	1	1	24	714	21	
21416	59.3333	1	1	49.3333	1780	30	
30001	25	1	1	15	1500	60	
30102	31	1	2	19	2046	66	
30003	48	1	1	38	3744	78	
20001	32	1	3	18	672	21	
20002	40	1	1	30	1320	33	
20203	32	1	2	20	1152	36	
20304	48	1	5	30	1872	39	
20305	66	1	4	50	1980	30	
20206	49	1	1	39	1470	30	
20506	28	1	1	18	1092	39	
20507	56	1	2	44	1680	30	
20607	32.3333	1	1	22.3333	1358	42	
20708	29	1	1	19	1218	42	
20709	55	1	1	45	1980	36	
20910	30	1	2	18	900	30	
20111	29	1	2	17	783	27	
20812	23	1	1	13	552	24	
20813	50	1	2	38	2100	42	
20414	26	1	2	14	468	18	
21314	33	1	2	21	1287	39	
20115	58	1	4	42	1740	30	
21415	40.7778	1	1	30.7778	1101	27	
21315	67.8462	1	3	53.8462	2646	39	
20616	58.3333	1	1	48.3333	2275	39	
20416	34	1	1	24	714	21	
21416	59.3333	1	1	49.3333	1780	30	
20001	32	1	3	18	672	21	
20002	40	1	1	30	1320	33	
20203	32	1	2	20	1152	36	
20304	48	1	5	30	1872	39	
20305	66	1	4	50	1980	30	
20206	49	1	1	39	1470	30	
20506	28	1	1	18	1092	39	
20507	56	1	2	44	1680	30	
20607	32.3333	1	1	22.3333	1358	42	
20708	29	1	1	19	1218	42	
20709	55	1	1	45	1980	36	
20910	30	1	2	18	900	30	
20111	29	1	2	17	783	27	
20812	23	1	1	13	552	24	
20813	50	1	2	38	2100	42	
20414	26	1	2	14	468	18	
21314	33	1	2	21	1287	39	
20115	58	1	4	42	1740	30	
21415	40.7778	1	1	30.7778	1101	27	
21315	67.8462	1	3	53.8462	2646	39	
20616	58.3333	1	1	48.3333	2275	39	
20416	34	1	1	24	714	21	
21416	59.3333	1	1	49.3333	1780	30	
20001	32	1	3	18	672	21	
20002	40	1	1	30	1320	33	
20203	32	1	2	20	1152	36	
20304	48	1	5	30	1872	39	
20305	66	1	4	50	1980	30	
20206	49	1	1	39	1470	30	
20506	28	1	1	18	1092	39	
20507	56	1	2	44	1680	30	
20607	32.3333	1	1	22.3333	1358	42	
20708	29	1	1	19	1218	42	
20709	55	1	1	45	1980	36	
20910	30	1	2	18	900	30	
20111	29	1	2	17	783	27	
20812	23	1	1	13	552	24	
20813	50	1	2	38	2100	42	
20414	26	1	2	14	468	18	
21314	33	1	2	21	1287	39	
20115	58	1	4	42	1740	30	
21415	40.7778	1	1	30.7778	1101	27	
21315	67.8462	1	3	53.8462	2646	39	
20616	58.3333	1	1	48.3333	2275	39	
20416	34	1	1	24	714	21	
21416	59.3333	1	1	49.3333	1780	30	
20001	32	1	3	18	672	21	
20002	40	1	1	30	1320	33	
20203	32	1	2	20	1152	36	
20304	48	1	5	30	1872	39	
20305	66	1	4	50	1980	30	
20206	49	1	1	39	1470	30	
20506	28	1	1	18	1092	39	
20507	56	1	2	44	1680	30	
20607	32.3333	1	1	22.3333	1358	42	
20708	29	1	1	19	1218	42	
20709	55	1	1	45	1980	36	
20910	30	1	2	18	900	30	
20111	29	1	2	17	783	27	
20812	23	1	1	13	552	24	
20813	50	1	2	38	2100	42	
20414	26	1	2	14	468	18	
21314	33	1	2	21	1287	39	
20115	58	1	4	42	1740	30	
21415	40.7778	1	1	30.7778	1101	27	
21315	67.8462	1	3	53.8462	2646	39	
20616	58.3333	1	1	48.3333	2275	39	
20416	34	1	1	24	714	21	
21416	59.3333	1	1	49.3333	1780	30	
