2.71429
2.66667
2.79412
1.5
1.6
2.79412
2.71429
2.66667
2.79412
1.5
1.6
2.79412
2.71429
2.66667
2.79412
1.5
1.6
2.79412
2.71429
2.66667
2.79412
1.5
1.6
2.79412
2.71429
2.66667
2.79412
1.5
1.6
2.79412
2.71429
2.66667
2.79412
1.5
1.6
2.79412
2.71429
2.66667
2.79412
1.5
1.6
2.79412
2.71429
2.66667
2.79412
1.5
1.6
2.79412
2.71429
2.66667
2.79412
1.5
1.6
2.79412
3.33333
2.71429
2.66667
2.79412
1.5
1.6
2.79412
2.71429
2.66667
2.79412
1.5
1.6
2.79412
2.71429
2.66667
2.79412
1.5
1.6
2.79412
2.71429
2.66667
2.79412
1.5
1.6
2.79412
